3 4 10 15 18 20 21 28 46 49 56 58 64 70
3 5 10 15 18 20 21 28 47 52 56 58 64 70
3 5 10 15 17 21 29 33 46 48 56 58 64 70
2 3 5 10 15 17 21 28 46 48 56 58 64 70
3 6 10 15 21 29 34 46 52 56 58 65 70
3 5 10 15 18 20 21 28 46 48 53 58 64 70
3 10 15 18 20 21 29 47 48 56 58 62 64 70
3 5 10 15 18 21 28 47 48 56 61 64 70
1 3 5 10 15 20 21 26 41 47 50 56 58 64 72
3 6 14 15 21 46 48 56 58 64 70
3 4 10 15 18 20 21 28 46 48 56 58 64 70
3 4 10 15 18 20 21 28 47 48 56 58 64 70
3 6 10 15 21 29 46 52 56 58 66 70
3 6 14 15 21 33 35 46 50 56 58 64 70
3 5 10 15 18 20 21 28 32 36 47 48 56 61 64 70
3 5 10 15 18 21 28 34 36 47 48 56 58 64 70
3 5 10 15 17 21 29 33 46 48 56 58 64 70
3 7 10 15 24 29 33 46 49 56 58 64 69
3 5 10 15 18 20 21 28 39 46 48 56 58 64 70
3 4 10 15 18 20 21 47 50 57 61 64 69
1 3 10 15 19 20 21 37 46 48 55 58 64 72
3 5 10 16 17 21 29 46 52 56 58 62 64 73
3 4 10 15 18 20 21 28 32 46 50 56 58 64 70
3 4 10 15 18 20 21 36 47 48 57 61 64 69
3 4 10 15 18 20 21 36 47 50 56 61 64 69
3 9 10 15 18 20 21 30 47 48 56 58 64 70
3 5 10 15 18 20 21 26 28 33 46 52 56 58 64 70
3 10 15 17 21 29 33 46 48 56 58 64 70
1 3 10 15 19 20 21 41 47 50 56 58 64 72
3 5 10 16 17 21 29 35 46 52 56 58 65 73
3 5 10 16 17 21 29 35 45 46 52 56 58 66 73
3 6 14 15 21 33 35 46 52 56 58 65 70
3 4 10 15 18 20 21 28 35 46 52 56 58 64 70
3 4 10 15 18 20 21 28 46 52 56 58 64 67 70
3 5 10 15 18 20 21 26 28 34 36 39 47 49 56 58 64 70
3 6 14 15 21 46 48 56 58 64 70
3 5 10 15 18 20 21 28 32 36 47 48 56 58 64 70
3 7 10 15 24 29 46 49 56 58 64 69
3 5 10 15 18 20 21 28 32 47 52 56 61 64 70
3 5 10 15 18 20 21 28 47 48 56 58 62 64 70
3 6 14 15 21 46 48 56 58 64 70
2 3 4 10 15 19 20 21 29 46 48 53 58 64 70
3 4 10 15 18 20 21 28 34 36 47 48 56 58 64 70
2 3 5 10 15 18 20 21 26 28 46 49 53 58 64 70
3 4 10 15 18 20 21 47 51 56 61 64 69
3 5 10 15 18 20 21 28 32 34 36 47 48 56 61 64 70
3 5 10 15 17 21 29 46 48 53 58 64 70
3 10 15 18 20 21 29 39 46 48 56 58 64 70
3 5 10 15 17 21 29 35 46 52 56 58 64 70
3 5 10 15 18 20 21 29 46 48 53 58 64 70
3 5 10 15 18 20 21 26 28 47 48 56 61 64 70
3 5 10 15 18 20 21 28 47 48 56 58 63 64 70
3 5 10 16 17 21 29 47 52 54 61 64 73
1 3 5 10 15 20 21 26 41 47 48 56 60 64 72
3 4 10 15 18 20 21 28 34 36 39 47 48 56 58 64 70
3 5 10 15 18 20 21 28 32 34 47 48 56 61 64 70
3 5 10 16 17 21 29 46 52 54 58 64 73
3 4 10 15 18 20 21 28 34 36 47 48 56 58 64 70
3 4 12 15 17 21 47 48 56 58 64 70
3 4 10 15 18 20 21 28 32 34 36 47 50 56 58 64 70
3 6 14 15 21 45 46 48 56 58 64 70
1 3 5 10 15 18 20 21 26 46 50 56 58 64 72
3 4 10 15 18 20 21 28 46 48 56 58 64 67 70
3 5 10 16 17 21 29 46 48 56 58 64 73
3 4 10 15 18 20 21 28 32 34 36 47 48 56 58 64 70
3 5 10 15 17 21 29 46 52 53 58 64 70
3 4 10 15 18 20 21 47 50 53 58 64 69
3 5 10 15 17 21 29 33 46 48 56 58 65 70
3 5 10 15 17 21 29 34 36 39 47 48 55 58 64 70
3 4 12 15 17 21 32 47 48 56 61 64 70
3 5 10 15 18 20 21 28 32 36 47 48 56 61 62 64 70
3 5 10 15 18 20 21 28 39 46 50 56 58 64 67 70
3 5 10 15 18 21 28 46 48 56 58 64 70
3 4 10 15 18 20 21 46 48 53 58 64 69
3 10 15 17 21 29 35 46 52 56 58 66 70
3 4 10 15 18 20 21 28 34 46 48 56 58 64 70
3 5 10 15 18 20 21 29 34 36 39 47 48 56 61 64 70
3 10 15 18 20 21 29 47 48 56 61 64 70
3 5 10 15 18 20 21 28 34 46 48 56 58 64 70
3 4 10 15 18 20 21 32 47 50 57 61 64 69
3 5 10 15 18 20 21 26 28 45 46 48 56 58 64 70
3 5 10 15 17 21 29 45 46 48 53 58 64 70
1 3 5 10 15 20 21 26 41 47 50 56 60 64 72
3 4 10 15 18 20 21 28 47 48 56 58 64 70
3 5 10 15 18 20 21 28 32 36 47 48 56 61 64 70
3 4 10 15 18 20 21 28 47 48 56 58 64 70
3 5 10 15 18 20 21 29 32 34 46 48 56 58 64 70
3 5 12 15 18 21 29 46 52 56 58 64 70
3 5 10 15 18 20 21 28 33 46 48 56 58 64 70
1 3 5 10 15 20 21 26 34 41 47 50 56 60 64 72
