3 5 12 15 18 21 29 46 48 56 58 64 70
3 4 10 15 18 20 21 28 45 46 52 56 58 64 70
3 4 10 15 18 20 21 28 32 34 47 48 56 58 64 70
3 5 10 15 17 21 29 35 46 52 56 58 64 70
3 5 10 15 17 21 29 34 36 39 47 48 55 58 64 70
3 5 10 15 18 21 28 46 50 56 58 64 70
3 4 10 15 18 20 21 28 36 47 48 56 61 62 64 70
3 5 10 15 18 20 21 28 45 46 52 53 58 64 70
3 4 10 15 18 20 21 28 45 46 48 56 58 64 70
3 5 10 15 18 20 21 26 28 47 48 56 58 64 70
3 4 10 15 18 20 21 28 46 49 56 58 64 70
3 4 10 15 18 20 21 28 36 47 48 56 61 62 64 70
3 4 10 15 18 20 21 28 34 36 39 47 49 56 58 64 70
3 5 10 15 18 21 28 46 49 56 58 64 70
3 5 10 16 17 21 29 47 48 56 61 62 64 73
3 5 10 15 18 20 21 28 47 52 56 58 64 70
3 5 10 15 17 21 29 46 48 56 58 64 70
3 6 14 15 21 46 48 56 58 64 70
3 5 10 16 17 21 29 46 48 53 58 64 73
3 8 14 15 21 46 52 56 58 64 70
3 5 12 15 17 21 32 46 48 56 58 64 68
3 10 15 17 21 29 33 46 52 56 58 64 70
3 4 10 15 18 20 21 28 39 47 48 56 61 64 70
3 6 14 15 21 46 48 56 58 64 70
3 6 10 15 21 29 46 50 56 58 65 70
1 3 5 10 15 20 21 26 34 41 47 48 56 61 64 72
3 10 15 18 21 28 39 47 50 56 61 64 70
3 5 10 16 17 21 29 46 52 56 58 64 73
3 5 10 15 18 20 21 26 28 47 48 56 61 64 70
1 3 5 10 15 20 21 26 34 46 50 56 58 64 72
3 7 10 15 21 29 33 46 50 56 58 64 70
3 5 10 15 17 21 29 33 46 48 56 58 64 70
2 3 5 10 15 18 20 21 26 28 46 50 53 58 64 70
2 3 5 10 15 17 21 28 46 48 56 58 64 70
3 4 10 15 18 20 21 28 47 48 56 58 64 70
1 3 5 10 15 20 21 26 41 46 48 53 58 64 72
3 5 10 15 18 20 21 28 32 47 48 56 58 64 70
3 4 10 15 18 20 21 28 47 48 56 61 64 70
3 5 10 15 18 21 28 36 47 48 56 61 64 70
3 6 10 15 21 29 34 46 52 56 58 65 70
3 5 10 15 18 20 21 29 47 48 56 61 63 64 70
3 10 15 18 20 21 29 47 48 56 58 64 70
3 4 10 15 18 20 21 28 34 36 47 50 56 58 64 70
3 5 10 15 18 20 21 28 33 46 48 56 58 64 70
3 4 10 15 18 20 21 28 47 48 56 61 64 70
3 10 15 19 20 21 29 47 48 56 58 62 64 70
3 5 10 15 23 29 46 50 56 58 64 70
3 5 10 15 18 20 21 29 33 47 52 56 58 64 70
2 3 5 10 15 18 20 21 26 28 47 49 56 58 64 70
2 3 5 10 15 18 20 21 26 28 47 49 56 61 64 70
3 5 10 15 18 20 21 26 28 34 36 39 47 48 56 58 64 70
3 5 10 15 18 21 28 46 48 56 58 64 70
2 3 5 10 16 17 21 28 33 47 48 56 58 64 73
3 4 10 15 18 20 21 28 34 47 50 56 58 64 70
3 10 15 18 20 21 29 34 36 47 48 56 58 62 64 70
1 3 5 10 15 20 21 26 37 47 49 56 58 64 72
3 4 10 15 18 20 21 47 48 56 58 64 69
3 5 10 15 18 20 21 28 46 48 53 58 64 70
1 3 5 10 15 20 21 26 37 46 48 55 58 64 72
3 5 10 15 17 21 29 46 48 56 58 66 70
3 4 10 15 18 20 21 28 33 35 46 52 56 58 66 70
3 10 15 18 20 21 29 47 48 56 58 62 64 70
3 4 10 15 18 20 21 28 34 46 48 56 58 64 70
3 5 12 15 17 21 29 46 48 56 58 64 70
3 4 10 15 18 20 21 28 47 48 56 58 64 70
2 3 5 10 15 17 21 28 46 51 56 58 64 70
3 4 10 15 18 20 21 28 32 47 52 56 61 64 70
3 5 10 15 18 21 28 39 46 48 56 58 64 70
3 5 10 15 18 20 21 28 32 47 48 56 58 64 70
3 9 10 15 18 20 21 30 47 50 56 58 64 69
3 5 10 15 17 21 29 46 48 56 58 64 70
2 3 4 10 15 18 20 21 28 47 50 56 61 64 70
3 6 14 15 21 33 35 46 52 56 58 66 70
3 4 10 15 18 20 21 34 47 48 56 61 64 69
3 5 10 15 18 20 21 28 39 46 50 56 58 64 67 70
3 7 10 15 24 29 33 46 50 56 58 64 69
1 3 10 15 19 20 21 37 46 48 56 58 64 72
3 5 13 15 21 28 46 49 56 58 64 73
3 10 15 18 20 21 29 47 48 56 58 62 64 70
3 5 10 15 18 20 21 28 47 48 56 61 64 70
3 5 10 15 18 20 21 28 36 47 48 56 61 64 70
3 6 14 15 21 33 35 45 46 50 56 58 64 70
3 5 10 15 18 21 28 47 48 56 61 64 70
3 4 10 15 18 20 21 34 36 47 48 56 58 64 69
1 3 5 10 15 20 21 26 41 47 50 56 58 64 72
3 4 10 15 18 20 21 34 36 47 51 56 58 64 69
3 4 10 15 23 47 48 56 61 64 70
3 5 10 15 18 20 21 28 47 48 56 58 64 70
3 5 10 15 18 20 21 28 32 34 36 47 48 56 58 64 70
3 4 12 15 17 21 32 46 48 53 58 64 70
3 5 10 15 18 21 28 36 47 48 56 58 64 70
3 5 10 15 18 21 28 34 46 50 56 58 64 70
1 3 5 10 15 20 21 26 38 47 48 56 61 64 72
3 4 10 15 18 20 21 28 32 34 47 48 56 61 64 70
3 5 10 15 18 20 21 28 34 47 48 56 58 64 70
3 10 15 17 18 20 21 46 48 56 58 64 70
3 5 10 15 17 21 29 34 46 48 53 58 64 70
1 3 5 10 15 20 21 26 37 47 48 56 58 64 72
3 4 10 15 18 20 21 28 32 47 48 56 61 62 64 70
3 4 10 15 23 47 48 56 58 64 70
3 7 10 15 24 29 46 50 56 58 64 69
3 5 10 16 17 21 29 46 52 56 58 62 64 73
3 5 10 15 18 21 28 47 48 56 61 64 70
2 3 4 10 15 19 20 21 29 46 48 53 58 64 70
3 8 10 15 22 43 46 48 53 58 64 68
3 4 10 15 18 20 21 28 47 48 56 61 62 64 70
3 5 10 15 18 20 21 29 33 47 48 56 61 64 70
3 5 10 15 18 21 28 34 46 48 56 58 64 70
3 5 12 15 17 21 29 46 48 56 58 64 70
3 10 15 17 21 29 45 46 48 56 58 64 70
1 3 5 10 15 20 21 26 41 46 50 56 58 64 72
3 6 10 15 21 29 46 50 56 58 64 70
1 3 5 10 15 20 21 26 37 47 50 56 61 64 72
3 4 10 15 18 20 21 46 50 56 58 64 69
3 4 10 15 18 20 21 34 36 47 51 56 61 64 69
3 4 10 15 18 20 21 28 46 49 56 58 64 70
3 6 14 15 21 46 48 56 58 64 70
3 4 10 15 18 20 21 34 36 47 50 56 58 64 69
3 9 10 15 18 20 21 30 46 49 57 58 64 69
3 6 14 15 21 33 46 48 56 58 64 70
3 4 10 15 18 20 21 47 51 57 58 64 69
3 5 10 15 18 20 21 28 35 46 52 56 58 66 70
3 5 10 15 17 21 29 33 46 48 56 58 64 70
1 3 5 10 15 20 21 26 38 46 50 56 58 64 72
3 6 10 15 21 29 32 47 52 56 61 64 70
3 5 10 15 17 21 29 45 46 48 53 58 64 70
3 5 10 15 18 21 28 47 48 56 58 63 64 70
3 4 10 15 19 20 21 29 39 46 48 53 58 64 70
3 4 10 15 18 20 21 28 34 46 52 56 58 64 70
3 10 15 19 20 21 29 46 48 56 58 64 70
2 3 5 10 15 17 21 28 32 46 50 56 58 64 70
3 4 10 15 18 20 21 47 50 56 58 64 69
3 7 10 15 21 29 33 46 48 56 58 64 70
3 9 10 15 18 20 21 30 46 51 57 58 64 69
3 5 10 15 18 20 21 28 32 34 47 48 56 58 64 70
3 5 10 15 17 21 29 39 46 48 56 58 64 70
2 3 5 10 15 17 21 28 46 48 56 58 64 70
3 4 10 15 23 33 46 50 56 58 64 70
3 4 10 15 18 20 21 28 47 48 56 61 64 70
3 5 10 15 18 20 21 28 34 36 47 50 56 58 64 70
3 5 10 15 18 20 21 29 34 36 47 48 56 61 64 70
3 5 10 15 18 21 28 46 48 56 58 63 64 70
3 5 10 16 17 21 29 35 45 46 52 56 58 66 73
1 3 5 10 15 20 21 26 34 41 47 48 56 61 64 72
2 3 5 10 15 18 20 21 26 28 46 48 53 58 64 70
1 3 10 15 19 20 21 38 46 50 56 58 64 72
3 5 10 15 18 20 21 28 34 46 52 56 58 64 70
3 4 10 15 18 20 21 28 45 46 48 56 58 64 70
3 5 10 15 17 21 29 34 46 52 56 58 64 70
3 5 10 15 18 20 21 28 32 34 36 47 48 56 58 64 70
3 4 10 15 18 20 21 28 34 36 47 52 56 58 64 70
3 4 10 15 18 20 21 28 46 48 56 58 64 70
3 4 10 15 18 20 21 28 47 48 56 58 64 70
1 3 5 10 15 20 21 26 37 46 48 53 58 64 72
3 6 14 15 21 46 48 56 58 64 70
3 5 10 15 18 20 21 28 46 52 56 58 64 70
3 5 10 15 18 20 21 28 47 48 56 58 64 70
3 5 10 15 18 20 21 29 47 49 56 61 64 70
2 3 5 10 15 18 20 21 26 28 47 49 56 61 63 64 70
3 6 10 15 21 29 46 52 56 58 66 70
3 4 10 15 18 20 21 28 46 48 56 58 64 70
3 9 10 15 18 20 21 30 47 48 56 58 64 69
3 5 10 16 17 21 29 46 52 56 58 64 73
1 3 5 10 15 20 21 26 41 46 50 53 58 64 72
3 5 10 15 18 20 21 28 32 47 48 56 61 62 64 70
3 5 10 15 18 20 21 28 32 34 36 47 50 56 61 64 70
3 5 10 15 18 20 21 28 32 47 48 56 61 64 70
3 5 10 15 18 20 21 26 28 45 46 48 56 58 64 70
3 10 15 19 20 21 29 47 48 56 61 62 64 70
3 5 10 15 18 20 21 28 32 34 36 47 48 56 58 64 70
2 3 4 10 15 21 40 46 48 56 58 64 68
3 5 10 16 17 21 29 35 46 52 56 58 66 73
3 6 14 15 21 33 35 46 50 56 58 64 70
1 3 5 10 15 20 21 26 37 47 49 56 58 64 72
3 5 10 15 18 20 21 28 32 36 47 48 56 61 64 70
3 5 10 15 18 20 21 28 32 46 50 56 58 64 70
3 4 10 15 18 20 21 28 45 46 52 56 58 64 70
3 5 10 15 18 20 21 29 46 48 53 58 64 70
3 5 10 15 18 20 21 28 32 47 48 56 61 62 64 70
3 5 10 15 18 20 21 28 32 34 47 48 56 61 64 70
3 5 10 15 18 20 21 28 32 36 47 48 56 61 64 70
3 5 10 15 18 21 28 34 36 47 48 56 58 64 70
3 4 10 15 18 20 21 28 32 46 48 56 58 64 67 70
3 4 10 15 18 20 21 28 47 52 56 58 64 70
2 3 5 10 15 17 21 28 46 48 56 58 64 70
3 5 10 15 18 20 21 28 32 46 50 56 58 64 70
3 5 10 15 18 20 21 28 47 48 56 58 62 64 70
3 4 10 15 18 20 21 28 47 48 56 58 63 64 70
3 4 10 15 18 20 21 28 46 48 56 58 64 70
3 4 10 15 18 20 21 28 34 36 47 48 56 61 64 70
3 5 10 15 18 20 21 28 32 34 36 47 48 56 61 64 70
3 5 10 15 18 20 21 28 32 36 47 48 56 61 64 70
3 8 14 15 21 35 47 51 56 61 64 70
3 5 10 15 18 20 21 26 28 47 48 56 61 64 70
3 10 15 18 20 21 29 46 52 53 58 64 70
3 6 14 15 21 46 48 56 58 64 70
3 5 10 15 18 21 28 46 48 56 58 64 70
3 4 10 15 18 20 21 28 32 46 50 56 58 64 67 70
3 5 10 15 18 21 28 47 50 56 58 64 70
3 6 14 15 21 35 45 46 52 56 58 65 70
3 4 10 15 18 20 21 33 47 48 56 58 64 69
3 10 15 19 20 21 29 47 48 56 61 62 64 70
3 5 10 15 17 21 29 33 46 48 56 58 64 70
3 4 10 15 18 20 21 28 47 52 56 58 64 70
3 7 10 15 24 29 33 46 49 56 58 64 69
3 7 10 15 24 29 33 47 48 56 59 64 69
3 4 10 15 18 20 21 28 33 47 52 56 58 64 70
3 7 10 15 21 29 46 50 56 58 64 70
3 4 10 15 18 20 21 47 50 56 58 64 69
3 5 10 15 18 20 21 28 46 48 56 58 63 64 70
3 4 10 15 18 20 21 28 46 48 56 58 64 70
3 4 10 15 18 20 21 28 33 46 48 56 58 64 70
3 5 10 15 18 21 28 47 48 56 58 64 70
3 5 10 15 18 20 21 28 32 47 48 56 58 64 70
3 5 10 15 18 21 28 47 50 56 58 64 70
1 3 10 15 19 20 21 37 47 48 56 58 64 72
3 6 14 15 21 35 46 52 56 58 65 70
3 5 10 15 18 20 21 26 28 34 36 39 47 48 56 58 64 70
1 3 5 10 15 20 21 26 41 46 48 55 58 64 72
3 4 10 15 18 20 21 28 46 48 56 58 64 70
3 4 10 15 18 20 21 28 32 36 47 52 56 58 64 70
3 5 10 15 18 20 21 28 36 47 50 56 58 64 70
3 5 10 15 18 20 21 28 32 46 48 56 58 64 70
3 5 10 15 17 21 26 29 46 50 56 58 66 70
3 9 10 15 18 20 21 30 46 48 56 58 64 70
3 5 10 15 18 20 21 28 39 46 48 56 58 64 70
3 4 10 15 18 20 21 28 46 48 56 58 64 70
3 5 10 15 18 20 21 29 34 36 47 48 56 58 64 70
2 3 5 10 15 18 20 21 26 28 46 48 53 58 64 70
3 4 10 15 18 20 21 28 39 47 48 56 58 64 70
2 3 5 10 15 17 21 28 32 47 48 56 58 64 70
3 5 10 15 17 21 29 46 48 56 58 64 70
3 4 12 15 17 21 32 47 48 56 61 64 70
2 3 5 10 15 17 21 28 32 39 46 48 53 58 64 70
3 6 14 15 21 45 46 48 56 58 64 70
3 4 12 15 17 21 47 48 56 58 64 70
1 3 5 10 15 20 21 26 37 46 48 53 58 64 72
3 5 10 15 17 21 29 34 36 39 47 48 55 58 64 70
3 4 10 15 18 20 21 47 50 57 61 64 69
3 4 10 15 18 20 21 34 47 48 56 61 64 69
3 5 10 15 18 20 21 26 28 46 48 53 58 64 70
1 3 10 15 19 20 21 37 46 50 56 58 64 72
3 5 10 15 18 20 21 28 47 48 56 61 64 70
3 5 10 16 17 21 29 47 48 56 58 64 73
3 5 10 15 18 20 21 26 28 47 48 56 58 64 70
3 4 10 15 18 20 21 28 39 46 48 56 58 64 70
3 4 10 15 18 20 21 28 32 46 48 56 58 64 70
3 4 10 15 18 20 21 28 32 47 52 53 61 64 70
3 5 10 15 18 20 21 28 47 48 56 58 64 70
1 3 10 15 19 20 21 37 46 48 55 58 64 72
3 5 10 16 17 21 29 46 52 56 58 62 64 73
3 4 10 15 18 20 21 32 47 48 56 58 64 69
3 8 10 15 22 46 48 56 58 64 68
3 5 10 15 18 20 21 26 28 34 36 39 47 49 56 61 64 70
3 5 10 15 18 20 21 28 32 34 36 47 48 56 58 64 70
3 4 10 15 18 20 21 34 36 47 48 56 61 64 69
3 4 10 15 18 20 21 28 32 47 52 53 58 64 70
3 7 10 15 24 29 47 49 56 59 64 69
3 4 10 15 18 20 21 28 32 36 47 52 56 61 64 70
3 4 10 15 18 20 21 28 47 48 56 61 64 70
3 5 10 15 18 20 21 29 32 34 36 47 48 56 58 64 70
3 8 10 15 22 46 48 53 58 64 68
3 4 12 15 17 21 32 47 48 56 58 64 70
3 5 10 15 17 21 29 46 52 56 58 66 70
3 4 10 15 18 20 21 28 47 48 56 58 64 70
3 10 15 17 21 29 45 46 48 53 58 64 70
3 5 10 15 18 20 21 28 47 48 56 61 62 64 70
3 5 10 15 18 20 21 29 33 46 48 56 58 64 70
3 10 15 23 27 47 51 56 58 64 69
1 3 10 15 19 20 21 41 47 48 56 60 64 72
3 4 10 15 18 20 21 28 45 47 48 56 61 64 70
3 4 10 15 18 20 21 28 32 46 50 56 58 64 70
3 4 10 15 18 20 21 28 39 47 48 56 58 64 70
3 4 10 15 18 20 21 47 49 56 58 64 69
3 4 10 15 18 20 21 36 47 48 57 61 64 69
3 5 10 15 18 21 28 34 47 48 56 58 64 70
3 4 10 15 18 20 21 28 45 46 49 53 58 64 70
3 5 10 15 18 20 21 26 28 47 48 56 61 64 70
3 4 10 15 18 20 21 28 47 48 56 58 64 70
3 4 10 15 23 46 50 56 58 64 70
3 4 10 15 18 20 21 34 36 47 48 56 61 64 69
3 6 14 15 21 46 48 56 58 64 70
3 4 10 15 18 20 21 28 34 46 48 56 58 64 70
3 4 10 15 18 20 21 28 32 47 48 53 58 64 70
3 6 14 15 21 33 35 45 46 52 56 58 64 70
3 9 10 15 18 20 21 30 47 48 56 61 64 70
3 5 12 15 17 21 29 46 48 53 58 64 70
3 4 10 15 18 20 21 28 34 46 48 56 58 64 70
3 5 10 15 18 20 21 28 39 46 48 56 58 64 67 70
3 4 10 15 18 20 21 36 47 50 56 61 64 69
3 9 10 15 18 20 21 30 47 48 56 58 64 70
3 4 10 15 18 20 21 28 47 52 56 61 64 70
3 4 10 15 18 20 21 28 47 48 56 58 63 64 70
3 5 10 15 17 21 29 46 48 56 58 64 70
1 3 5 10 15 20 21 26 37 47 48 56 58 64 72
3 4 10 15 18 20 21 28 32 46 52 56 58 64 70
3 6 14 15 21 33 35 46 52 56 58 66 70
3 5 10 15 18 20 21 28 32 47 48 56 61 64 70
3 5 10 15 18 20 21 28 32 34 36 47 48 56 61 64 70
3 4 10 15 18 20 21 28 35 46 52 56 58 66 70
3 4 10 15 18 20 21 28 32 34 36 47 50 56 58 64 70
2 3 5 10 16 17 21 28 33 47 48 56 58 64 73
3 7 10 15 21 29 46 50 56 58 64 70
3 5 10 15 18 21 28 34 36 47 48 56 58 64 70
3 4 10 15 18 20 21 28 34 36 47 48 56 58 64 70
3 5 10 16 17 21 29 47 48 56 61 64 73
1 3 5 10 15 20 21 26 37 47 50 56 58 64 72
3 5 10 15 18 20 21 29 32 34 46 48 56 58 64 70
3 5 10 15 18 21 28 34 47 48 56 58 64 70
3 4 12 15 17 21 46 48 56 58 64 70
3 5 10 15 18 20 21 29 34 47 48 56 61 64 70
3 5 10 15 18 20 21 26 28 33 46 52 56 58 64 70
2 3 5 10 15 17 21 28 32 47 50 56 61 64 70
3 10 15 17 21 29 33 46 48 56 58 64 70
3 5 10 15 18 20 21 28 47 48 56 58 64 70
3 4 10 15 18 20 21 28 35 46 52 56 58 64 70
3 4 10 15 18 20 21 28 32 47 50 56 61 64 70
3 10 15 19 20 21 29 47 48 56 61 64 70
3 5 10 15 18 20 21 29 46 52 56 58 64 70
3 5 10 15 18 20 21 29 39 46 48 56 58 64 70
3 4 10 15 18 20 21 47 50 56 61 64 69
1 3 10 15 19 20 21 41 47 50 56 58 64 72
3 5 10 15 18 21 28 34 36 47 50 56 61 64 70
3 4 10 15 18 20 21 28 45 46 52 53 58 64 70
3 5 10 16 17 21 29 39 46 48 53 58 64 70
3 10 15 18 20 21 29 34 36 47 48 56 58 64 70
2 3 5 10 16 17 21 28 33 39 47 49 56 58 64 73
3 5 10 15 17 21 29 35 46 52 56 58 64 70
3 5 10 16 17 21 29 35 46 52 56 58 65 73
3 5 10 15 18 20 21 28 32 47 48 56 58 64 70
3 6 14 15 21 35 46 50 56 58 64 70
3 4 10 15 18 20 21 28 33 35 46 52 56 58 66 70
2 3 4 10 15 21 40 46 48 56 58 64 68
3 5 10 15 18 20 21 28 33 46 48 56 58 64 70
3 5 10 16 17 21 29 35 45 46 52 56 58 66 73
3 5 10 15 18 20 21 26 28 47 48 56 58 64 70
3 4 10 15 18 20 21 28 34 46 48 56 58 64 70
1 3 5 10 15 20 21 26 41 47 50 56 58 64 72
3 5 10 15 18 20 21 26 28 45 46 48 56 58 64 70
2 3 5 10 16 17 21 28 33 47 48 56 58 64 73
3 6 14 15 21 33 35 46 52 56 58 65 70
1 3 10 15 19 20 21 41 47 48 56 58 64 72
3 4 10 15 18 20 21 36 47 50 57 58 64 69
3 4 10 15 18 20 21 36 47 48 56 61 64 69
3 5 10 15 18 20 21 26 28 39 46 48 56 58 64 70
3 4 10 15 18 20 21 28 35 46 52 56 58 64 70
3 10 15 18 20 21 29 34 36 47 48 56 58 64 70
3 5 10 15 18 20 21 28 32 34 36 47 48 56 61 64 70
3 5 10 15 18 20 21 26 28 34 36 39 47 48 56 58 64 70
3 10 15 18 20 21 29 39 47 48 56 58 64 70
3 5 10 15 18 20 21 28 46 48 56 58 64 70
3 4 10 15 18 20 21 28 46 52 56 58 64 67 70
3 5 10 16 17 21 29 46 49 56 58 62 64 73
3 5 10 15 18 21 28 47 48 56 58 64 70
3 4 10 15 18 20 21 32 46 48 56 58 64 69
3 5 10 15 18 21 28 46 48 56 58 63 64 70
3 7 10 15 21 29 46 50 56 58 64 70
3 6 14 15 21 46 48 56 58 64 70
3 5 10 15 18 21 28 34 47 48 56 61 64 70
3 5 10 15 18 20 21 26 28 34 36 39 47 49 56 58 64 70
3 6 14 15 21 45 46 48 56 58 64 70
3 6 14 15 21 46 48 56 58 64 70
3 5 10 15 18 20 21 28 32 34 36 47 48 56 61 64 70
3 4 10 15 18 20 21 28 36 47 50 56 61 64 70
3 4 10 15 18 20 21 36 47 51 56 58 64 69
3 4 12 15 17 21 47 48 56 58 64 70
3 5 10 15 18 20 21 28 32 36 47 48 56 58 64 70
3 7 10 15 21 29 33 46 48 56 58 64 70
3 4 10 15 18 20 21 33 47 50 56 61 64 69
3 4 10 15 18 20 21 47 49 56 58 64 69
3 8 10 15 25 46 48 56 58 64 68
3 7 10 15 24 29 47 48 56 59 64 69
3 5 10 15 18 20 21 26 28 46 49 53 58 64 70
3 7 10 15 24 29 46 49 56 58 64 69
3 5 10 15 18 20 21 28 39 46 48 53 58 64 70
3 10 15 23 27 42 47 51 56 58 64 69
3 5 10 16 17 21 29 46 49 56 58 62 64 73
1 3 10 15 19 20 21 41 46 48 55 58 64 72
3 5 10 15 18 20 21 28 36 47 48 56 58 62 64 70
3 5 10 15 18 21 28 47 48 56 58 64 70
3 6 10 15 21 29 32 47 50 56 58 64 70
3 5 10 15 18 20 21 28 33 46 48 56 58 64 70
3 6 14 15 21 46 48 56 58 64 70
3 6 14 15 21 46 48 56 58 64 70
3 5 10 15 23 29 46 50 56 58 64 70
3 9 10 15 18 20 21 30 47 50 56 58 64 69
3 5 10 15 18 20 21 28 32 47 52 56 61 64 70
3 10 15 19 20 21 29 39 46 48 53 58 64 70
2 3 5 10 15 18 20 21 26 28 47 48 56 58 64 70
3 5 10 15 18 20 21 28 47 48 56 58 62 64 70
3 5 10 15 18 21 28 34 36 47 48 56 58 64 70
3 6 14 15 21 46 48 56 58 64 70
2 3 5 10 16 17 21 28 33 39 47 49 56 58 64 73
3 5 10 15 18 20 21 29 47 48 56 58 63 64 70
3 4 10 15 18 20 21 47 50 56 58 64 69
2 3 4 10 15 19 20 21 29 46 48 53 58 64 70
3 5 10 15 18 20 21 28 39 46 48 56 58 64 70
3 6 10 15 21 29 47 48 56 61 64 70
3 5 10 15 18 20 21 28 32 36 47 48 56 61 64 70
3 4 10 15 18 20 21 28 34 36 47 48 56 58 64 70
3 6 14 15 21 35 46 52 56 58 64 70
2 3 5 10 15 18 20 21 26 28 46 49 53 58 64 70
3 4 10 15 18 20 21 47 49 56 60 64 69
3 7 10 15 21 29 33 35 46 50 56 58 64 70
3 4 10 15 18 20 21 33 47 48 56 58 64 69
3 4 10 15 18 20 21 28 33 35 46 52 56 58 66 70
1 3 5 10 15 20 21 26 38 47 48 56 58 64 72
3 5 10 15 17 21 29 45 46 52 56 58 66 70
3 4 10 15 18 20 21 47 50 57 58 64 69
3 4 10 15 18 20 21 28 39 47 49 56 61 64 70
3 5 10 15 18 20 21 28 45 46 52 53 58 64 70
3 5 10 15 18 20 21 26 28 47 48 56 61 64 70
3 5 10 15 18 20 21 29 47 48 56 61 63 64 70
3 5 10 15 18 20 21 26 28 47 48 56 58 64 70
3 5 10 16 17 21 29 47 50 56 58 62 64 73
3 5 10 15 23 29 46 50 57 58 64 70
3 4 10 15 18 20 21 47 51 56 61 64 69
3 10 15 18 20 21 29 46 48 53 58 64 70
1 3 5 10 15 20 21 26 41 47 48 56 58 64 72
1 3 10 15 19 20 21 41 46 50 56 58 64 72
3 5 10 15 18 20 21 28 32 36 47 48 56 58 62 64 70
2 3 5 10 15 17 21 28 32 39 46 48 53 58 64 70
3 4 10 15 18 20 21 32 47 48 57 61 64 69
3 4 10 15 18 20 21 28 34 36 47 48 56 58 64 70
3 5 10 15 18 20 21 28 47 52 56 61 64 70
3 5 12 15 17 21 29 34 46 48 53 58 64 70
3 4 10 15 18 20 21 28 35 46 52 56 58 66 70
3 5 10 15 18 20 21 28 32 34 36 47 48 56 61 64 70
3 5 10 15 17 21 29 46 48 53 58 64 70
3 10 15 18 20 21 29 39 46 48 56 58 64 70
3 4 10 15 18 20 21 28 47 50 56 58 64 70
3 5 10 15 18 20 21 26 28 34 36 39 47 48 56 61 64 70
3 5 10 15 17 21 29 46 48 56 58 64 70
3 5 10 15 18 21 28 46 48 56 58 64 70
3 5 10 15 17 21 29 35 46 52 56 58 64 70
3 5 10 15 17 21 29 45 46 48 56 58 66 70
3 6 14 15 21 33 35 46 52 56 58 64 70
3 5 10 15 18 20 21 29 46 48 53 58 64 70
3 5 10 15 18 20 21 28 34 46 48 56 58 64 70
3 5 10 15 18 20 21 29 47 49 56 58 64 70
3 5 10 15 18 20 21 26 28 47 48 56 61 64 70
1 3 5 10 15 18 20 21 26 46 49 56 58 64 72
3 6 14 15 21 46 48 56 58 64 70
3 6 14 15 21 33 35 45 46 50 56 58 64 70
3 6 14 15 21 46 52 56 58 64 70
3 5 10 15 18 20 21 28 47 48 56 58 63 64 70
2 3 4 10 15 19 20 21 29 46 48 56 58 64 70
2 3 5 10 15 18 20 21 26 28 46 48 56 58 64 70
3 4 10 15 18 20 21 28 32 47 48 56 58 62 64 70
3 6 10 15 21 29 47 52 56 61 64 70
2 3 5 10 16 17 21 28 33 47 48 56 58 64 73
3 5 10 15 18 21 28 47 48 56 58 64 70
3 5 10 15 18 21 28 47 48 56 60 64 70
3 5 10 16 17 21 29 47 52 54 61 64 73
3 5 10 15 18 20 21 28 46 48 56 58 64 70
1 3 5 10 15 20 21 26 41 47 48 56 60 64 72
2 3 5 10 15 17 21 28 34 47 48 56 61 64 70
3 4 10 15 18 20 21 28 34 36 39 47 48 56 58 64 70
1 3 5 10 15 20 21 26 37 47 48 56 58 64 72
3 10 15 18 20 21 29 39 47 48 56 58 64 70
3 5 10 15 18 20 21 26 28 46 48 56 58 64 70
2 3 5 10 16 17 21 28 33 39 47 49 56 58 64 73
3 5 10 16 17 21 29 46 49 56 58 64 73
3 5 10 15 18 20 21 26 28 34 36 39 47 48 56 61 64 70
3 4 10 15 18 20 21 34 47 50 56 61 64 69
3 5 10 15 18 20 21 28 34 46 48 53 58 64 70
3 4 10 15 18 20 21 28 46 48 56 58 64 70
3 10 15 18 20 21 29 34 36 47 48 56 58 64 70
3 5 10 15 18 20 21 28 32 34 47 48 56 61 64 70
3 5 10 15 18 20 21 29 33 46 48 56 58 64 70
3 5 10 15 18 20 21 28 32 47 48 56 61 64 70
3 5 10 15 18 20 21 28 36 47 48 56 58 64 70
3 5 10 15 18 20 21 26 28 47 48 56 61 64 70
1 3 10 15 19 20 21 38 47 50 56 58 64 72
3 5 10 15 18 21 28 47 48 56 58 64 70
3 4 10 15 18 20 21 28 46 48 53 58 64 70
3 6 14 15 21 35 46 52 56 58 65 70
3 5 10 15 18 20 21 28 47 48 56 61 62 64 70
3 5 10 15 17 21 29 34 36 39 47 48 56 58 64 70
3 4 10 15 18 20 21 33 47 48 56 61 64 69
3 5 10 16 17 21 29 46 52 54 58 64 73
3 5 10 15 18 20 21 28 32 47 48 56 58 64 70
1 3 5 10 15 20 21 26 41 46 49 56 58 64 72
3 5 10 15 17 21 29 45 46 48 56 58 64 70
3 4 10 15 18 20 21 28 34 36 47 48 56 58 64 70
3 9 10 15 18 20 21 30 46 48 56 58 64 70
3 6 14 15 21 33 35 46 50 56 58 64 70
3 4 10 15 18 20 21 28 32 47 52 56 58 64 70
3 10 15 18 20 21 29 34 36 47 48 56 61 62 64 70
3 10 15 18 21 28 39 47 48 56 58 64 70
3 6 14 15 21 45 46 48 56 58 64 70
3 4 10 15 18 20 21 47 48 56 58 64 69
3 5 10 15 18 20 21 28 47 48 56 58 64 70
2 3 5 10 15 18 20 21 26 28 46 48 56 58 64 70
1 3 5 10 15 20 21 26 34 37 46 50 56 58 64 72
3 9 10 15 18 20 21 30 47 48 56 61 64 69
3 4 10 15 18 20 21 28 32 34 36 47 50 56 58 64 70
3 4 10 15 18 20 21 28 36 47 48 56 58 64 70
1 3 5 10 15 20 21 26 37 47 50 56 58 64 72
3 5 10 15 18 21 28 32 47 48 56 61 63 64 70
3 5 10 15 18 20 21 28 32 34 47 48 56 58 64 70
3 4 10 15 18 20 21 46 48 56 58 64 69
3 4 10 15 18 20 21 28 32 46 48 56 58 64 70
3 4 10 15 18 20 21 47 48 56 58 64 69
3 6 10 15 21 29 47 50 56 58 64 70
3 10 15 18 20 21 29 39 47 48 56 61 64 70
2 3 5 10 15 18 20 21 26 28 46 48 53 58 64 70
3 6 14 15 21 46 50 56 58 64 70
3 4 12 15 17 21 47 48 56 58 64 70
3 4 10 15 18 20 21 28 34 36 39 47 50 56 58 64 70
3 6 14 15 21 35 46 52 56 58 66 70
1 3 5 10 15 20 21 26 37 47 48 56 58 64 72
3 5 10 15 18 20 21 26 28 34 36 39 47 48 56 58 64 70
2 3 5 10 15 17 21 28 46 48 56 58 64 70
2 3 5 10 15 17 21 28 32 46 48 56 58 64 70
3 10 15 23 27 42 47 51 56 58 64 69
3 4 10 15 18 20 21 28 32 34 36 47 50 56 58 64 70
3 5 10 15 18 20 21 29 32 34 36 47 48 56 61 64 70
3 5 10 15 18 20 21 28 39 46 49 56 58 64 70
3 5 10 15 17 21 29 34 36 39 47 48 56 61 64 70
2 3 5 10 16 17 21 28 33 39 47 48 56 58 64 73
3 4 10 15 19 20 21 29 46 48 56 58 64 70
3 5 10 15 18 20 21 29 45 46 48 53 58 64 70
3 5 10 15 18 20 21 26 28 34 36 39 47 49 56 58 64 70
3 5 10 15 18 20 21 26 28 46 48 56 58 64 70
3 5 10 15 17 21 29 34 36 39 47 48 56 58 64 70
3 6 10 15 21 29 47 52 56 58 64 70
3 10 15 17 18 20 21 46 52 56 58 64 70
3 10 15 23 27 47 51 56 58 64 69
3 5 10 15 18 20 21 26 29 46 48 56 58 64 70
3 10 15 23 27 47 50 56 58 64 69
3 5 10 15 18 20 21 28 32 34 36 47 48 56 58 64 70
3 5 10 15 18 20 21 28 46 52 56 58 64 70
3 5 10 15 18 21 28 46 48 56 58 64 70
3 5 10 16 17 21 29 46 48 56 58 64 73
3 6 14 15 21 46 52 53 58 64 70
3 4 10 15 18 20 21 28 34 36 39 47 50 56 61 64 70
3 5 10 15 18 20 21 28 34 47 48 56 61 64 70
3 10 15 17 21 29 45 46 48 56 58 64 70
3 5 10 15 18 20 21 28 36 47 48 56 58 64 70
3 4 10 15 18 20 21 47 48 56 58 64 69
3 6 14 15 21 45 46 48 56 58 64 70
3 4 10 15 18 20 21 28 39 46 48 56 58 64 70
3 5 10 15 18 20 21 28 32 34 47 48 56 58 64 70
3 5 10 15 18 21 28 34 47 48 56 58 64 70
3 5 10 15 18 20 21 29 47 48 56 58 63 64 70
1 3 10 15 19 20 21 41 47 48 56 61 64 72
3 5 10 15 18 20 21 29 46 52 53 58 64 70
2 3 4 10 15 19 20 21 29 46 48 56 58 64 70
3 6 14 15 21 33 35 45 46 52 56 58 66 70
1 3 10 15 19 20 21 41 46 48 53 58 64 72
1 3 5 10 15 18 20 21 26 46 50 56 58 64 72
3 5 10 15 17 21 29 46 48 53 58 64 70
3 4 10 15 18 20 21 28 46 48 56 58 64 67 70
3 10 15 18 20 21 29 47 48 56 58 62 64 70
3 5 10 16 17 21 29 46 48 56 58 64 73
3 4 10 15 18 20 21 28 32 34 36 47 48 56 58 64 70
3 5 10 15 18 20 21 29 45 46 48 56 58 64 70
3 5 10 16 17 21 29 39 46 48 53 58 64 70
3 5 10 15 18 21 28 34 36 47 48 56 58 64 70
3 4 10 15 18 20 21 28 34 36 47 48 56 58 64 70
3 4 10 15 18 20 21 28 45 47 52 56 58 64 70
3 10 15 18 20 21 29 47 48 56 58 64 70
3 5 10 16 17 21 29 35 45 46 52 56 58 66 73
3 4 12 15 17 21 47 48 56 61 64 70
3 5 10 15 18 21 28 47 50 56 61 64 70
3 4 10 15 18 20 21 47 48 56 58 64 69
3 5 10 15 17 21 29 33 45 46 48 56 58 64 70
3 4 10 15 18 20 21 28 36 47 48 56 58 62 64 70
3 5 10 15 17 21 29 46 52 53 58 64 70
3 6 10 15 21 29 47 52 56 58 64 70
3 4 10 15 18 20 21 47 50 53 58 64 69
3 6 10 15 21 29 46 48 56 58 64 70
3 5 10 15 18 20 21 28 32 36 47 48 56 61 64 70
3 5 10 15 18 21 28 47 50 56 58 64 70
3 4 10 15 18 20 21 47 50 56 58 64 69
3 5 10 15 18 20 21 28 32 46 50 53 58 64 70
3 5 10 15 17 21 29 46 48 56 58 66 70
3 4 10 15 18 20 21 46 50 56 58 64 69
3 10 15 18 20 21 29 39 47 48 56 61 64 70
3 4 10 15 18 20 21 28 32 36 47 50 53 61 64 70
3 5 10 15 17 21 29 33 46 48 56 58 65 70
3 5 10 15 18 21 28 32 47 48 56 61 63 64 70
3 5 10 15 18 20 21 28 32 47 48 56 58 62 64 70
3 5 10 15 18 20 21 28 32 34 36 47 48 56 61 64 70
1 3 5 10 15 20 21 26 34 41 47 48 56 58 64 72
3 4 10 15 18 20 21 28 47 48 56 58 64 70
3 10 15 18 20 21 29 47 48 56 58 64 70
3 4 10 15 18 20 21 28 32 47 50 56 58 64 70
3 5 10 15 18 21 28 47 48 56 61 63 64 70
2 3 5 10 15 18 20 21 26 28 46 49 56 58 64 70
3 6 10 15 21 29 47 48 56 58 64 70
3 4 10 15 18 20 21 28 34 36 39 47 49 56 58 64 70
3 4 10 15 18 20 21 47 48 56 58 64 69
3 5 10 15 17 21 29 34 36 39 47 48 55 58 64 70
3 5 12 15 18 21 29 46 48 53 58 64 70
3 5 10 15 18 20 21 28 32 47 48 56 58 64 70
3 5 10 15 18 21 28 34 36 47 48 56 58 64 70
3 5 10 15 18 21 28 46 48 56 58 63 64 70
3 7 10 15 24 29 33 47 48 56 60 64 69
3 5 10 15 17 21 29 35 46 52 56 58 66 70
3 6 14 15 21 33 35 46 52 56 58 66 70
3 4 12 15 17 21 32 47 48 56 61 64 70
1 3 5 10 15 20 21 26 34 41 47 50 56 61 64 72
3 4 10 15 18 20 21 28 39 47 49 56 61 64 70
3 5 10 15 18 20 21 28 36 47 50 56 61 64 70
2 3 5 10 15 17 21 28 32 34 47 48 56 61 64 70
3 10 15 18 20 21 29 46 48 56 58 64 70
3 4 10 15 18 20 21 28 47 48 56 61 63 64 70
3 10 15 17 21 29 45 46 48 56 58 64 70
3 5 10 15 18 20 21 28 32 34 36 47 48 56 58 64 70
3 4 10 15 18 20 21 36 47 48 56 58 64 69
2 3 5 10 15 17 21 28 32 47 48 56 61 64 70
3 4 10 15 18 20 21 28 46 48 56 58 64 70
3 10 15 19 20 21 29 46 48 56 58 64 70
3 5 10 16 17 21 29 39 46 48 53 58 64 73
1 3 5 10 15 20 21 26 41 46 50 56 58 64 72
3 7 10 15 24 27 47 51 56 61 64 69
3 5 10 15 18 21 28 32 47 48 56 58 63 64 70
3 6 14 15 21 35 46 52 56 58 66 70
3 10 15 19 20 21 29 46 52 56 58 64 70
3 10 15 17 21 29 45 46 49 56 58 64 70
3 5 10 15 18 20 21 28 32 36 47 48 56 61 62 64 70
3 4 10 15 18 20 21 28 47 48 56 58 64 70
3 4 10 15 18 20 21 36 47 48 56 61 64 69
2 3 5 10 15 18 20 21 26 28 46 48 56 58 64 70
3 4 10 15 18 20 21 28 34 36 47 48 56 58 64 70
3 4 10 15 18 20 21 34 46 50 56 58 64 69
1 3 5 10 15 20 21 26 41 47 50 56 58 64 72
3 5 10 15 18 20 21 28 32 47 48 56 61 64 70
3 4 10 15 18 20 21 34 36 47 50 57 61 64 69
3 5 10 15 18 20 21 28 39 46 50 56 58 64 67 70
3 4 12 15 17 21 46 48 56 58 64 70
3 5 10 15 18 20 21 29 45 46 48 56 58 64 70
3 5 10 15 18 20 21 28 32 36 47 48 56 61 62 64 70
1 3 5 10 15 20 21 26 34 37 46 48 56 58 64 72
3 4 10 15 18 20 21 28 45 46 48 56 58 64 70
1 3 5 10 15 20 21 26 34 41 47 50 56 58 64 72
2 3 5 10 15 17 21 28 32 34 47 48 56 58 64 70
3 10 15 17 21 29 33 46 48 56 58 64 70
1 3 5 10 15 20 21 26 38 46 48 56 58 64 72
1 3 5 10 15 20 21 26 41 47 50 56 58 64 72
3 5 10 15 18 21 28 47 48 56 58 64 70
3 5 10 15 18 20 21 28 32 47 48 56 58 62 64 70
3 4 10 15 18 20 21 28 34 36 47 48 56 58 64 70
3 5 10 15 23 29 46 48 56 58 64 70
3 5 10 15 17 21 29 33 46 48 56 58 64 70
3 4 10 15 18 20 21 46 48 56 58 64 69
3 10 15 17 21 29 46 48 56 58 64 70
2 3 4 10 15 19 20 21 29 46 48 56 58 64 70
3 5 10 15 18 20 21 28 34 47 50 53 58 64 70
3 5 10 15 18 21 28 46 48 56 58 64 70
2 3 5 10 15 17 21 28 32 47 48 56 58 64 70
2 3 5 10 16 17 21 28 46 48 56 58 64 73
3 6 10 15 21 29 47 50 56 61 64 70
3 4 10 15 18 20 21 28 34 47 48 56 58 64 70
3 5 10 15 18 21 28 46 48 56 58 64 70
3 4 10 15 18 20 21 46 48 53 58 64 69
3 6 14 15 21 45 46 48 56 58 64 70
3 10 15 23 27 42 47 51 56 61 64 69
3 4 10 15 18 20 21 28 34 36 39 47 49 53 58 64 70
3 5 10 15 17 21 29 33 46 48 56 58 64 70
3 5 10 16 17 21 29 47 49 56 61 64 73
3 8 14 15 21 47 50 56 58 64 70
3 10 15 17 21 29 45 46 49 56 58 64 70
3 4 10 15 18 20 21 47 50 57 58 64 69
3 5 10 15 18 21 28 47 48 53 61 64 70
1 3 5 10 15 20 21 26 37 47 48 56 58 64 72
3 5 10 15 18 20 21 29 36 47 50 56 58 64 70
3 4 10 15 18 20 21 28 32 36 47 48 56 58 62 64 70
3 4 10 15 18 20 21 28 47 48 56 61 64 70
3 4 10 15 18 20 21 28 34 39 46 48 56 58 64 70
3 4 10 15 18 20 21 46 50 56 58 64 69
3 10 15 18 20 21 29 34 36 47 48 56 61 64 70
3 4 10 15 19 20 21 29 47 48 56 61 64 70
3 4 10 15 18 20 21 28 32 34 46 50 56 58 64 70
3 4 10 15 18 20 21 28 46 48 53 58 64 70
3 9 10 15 18 20 21 30 46 48 56 58 64 70
3 4 10 15 18 20 21 28 34 36 39 47 48 53 58 64 70
3 4 10 15 18 20 21 28 47 48 53 58 64 70
3 10 15 17 21 29 35 46 52 56 58 66 70
3 4 10 15 19 20 21 29 46 48 56 58 64 70
2 3 5 10 15 17 21 28 46 48 56 58 64 70
3 8 14 15 21 35 47 52 56 61 64 70
2 3 5 10 15 18 20 21 26 28 47 49 56 61 64 70
3 4 10 15 18 20 21 28 32 47 48 56 58 64 70
3 4 10 15 18 20 21 28 32 34 47 50 56 58 64 70
3 4 10 15 18 20 21 28 47 48 56 58 64 70
3 4 10 15 18 20 21 28 47 48 56 61 62 64 70
3 4 10 15 18 20 21 28 36 39 47 49 56 61 64 70
3 5 10 15 18 21 28 34 36 47 48 56 61 64 70
3 5 10 15 18 20 21 28 32 34 36 47 48 56 58 64 70
3 4 10 15 18 20 21 28 34 46 48 56 58 64 70
3 5 10 15 18 20 21 29 34 36 39 47 48 56 61 64 70
1 3 5 10 15 20 21 26 41 46 48 53 58 64 72
3 4 10 15 18 20 21 28 32 46 48 56 58 64 67 70
3 6 10 15 21 29 46 52 56 58 66 70
1 3 5 10 15 20 21 26 37 47 48 56 58 64 72
3 4 10 15 18 20 21 28 33 47 52 56 61 64 70
3 5 10 15 18 20 21 28 32 36 47 48 56 61 64 70
3 5 10 15 18 20 21 29 33 47 48 56 61 64 70
3 5 10 15 18 20 21 28 44 46 48 56 58 63 64 70
3 10 15 18 20 21 29 47 48 56 61 64 70
3 5 10 15 18 20 21 28 36 47 48 56 61 62 64 70
3 5 10 15 18 20 21 29 47 48 56 58 63 64 70
3 4 10 15 18 20 21 28 34 36 47 48 56 58 64 70
3 10 15 18 20 21 29 46 48 53 58 64 70
3 5 10 15 18 20 21 28 34 46 48 56 58 64 70
3 5 10 15 18 21 28 34 47 50 56 61 64 70
3 5 10 15 18 20 21 28 45 46 52 56 58 64 70
3 6 14 15 21 35 46 52 56 58 66 70
3 4 10 15 18 20 21 28 36 47 52 53 58 64 70
3 9 10 15 18 20 21 30 47 48 56 61 64 69
1 3 10 15 19 20 21 37 46 48 55 58 64 72
3 6 14 15 21 35 46 52 56 58 66 70
3 5 10 15 17 21 29 45 46 48 53 58 62 64 70
3 10 15 18 20 21 29 47 48 56 61 64 70
3 5 10 15 18 20 21 28 34 46 48 56 58 64 70
3 5 10 15 18 20 21 29 34 47 52 56 61 64 70
3 4 10 15 18 20 21 32 47 50 57 61 64 69
3 5 10 15 18 20 21 26 28 45 46 48 56 58 64 70
2 3 5 10 15 17 21 28 46 48 56 58 64 70
1 3 10 15 19 20 21 37 46 48 53 58 64 72
3 10 15 23 27 42 47 50 56 58 64 69
3 4 10 15 18 20 21 33 47 48 56 58 64 69
3 4 10 15 18 20 21 28 34 39 47 50 56 61 64 70
2 3 5 10 15 18 20 21 26 28 47 49 56 58 64 70
3 5 10 15 17 21 29 45 46 48 53 58 64 70
3 4 10 15 18 20 21 28 46 48 56 58 64 70
3 4 10 15 18 20 21 47 50 56 58 64 69
3 4 10 15 18 20 21 28 34 36 39 47 48 56 61 64 70
3 5 10 15 18 20 21 29 35 46 52 56 58 64 70
3 10 15 17 21 29 46 48 56 58 64 70
3 10 15 19 20 21 29 47 48 56 58 62 64 70
3 5 10 15 18 21 28 47 49 53 60 64 70
3 4 10 15 18 20 21 28 32 34 36 47 50 56 61 64 70
3 10 15 17 21 29 45 46 48 56 58 64 70
1 3 5 10 15 20 21 26 41 47 50 56 60 64 72
1 3 10 15 19 20 21 37 47 48 56 60 64 72
3 4 10 15 18 20 21 28 36 47 48 56 61 62 64 70
3 5 10 15 18 20 21 28 32 47 48 56 58 64 70
3 5 10 15 18 20 21 28 34 46 52 53 58 64 70
3 5 10 15 18 21 28 46 50 56 58 64 70
1 3 10 15 19 20 21 41 47 50 56 58 64 72
3 5 10 15 17 21 29 46 48 56 58 64 70
3 9 10 15 18 20 21 30 47 52 56 58 64 70
3 10 15 19 20 21 29 46 48 56 58 64 70
3 10 15 19 20 21 29 47 52 56 61 64 70
3 7 10 15 21 29 46 50 53 58 64 70
3 4 10 15 18 20 21 28 39 47 48 56 61 64 70
3 6 14 15 21 35 46 52 56 58 66 70
3 4 10 15 18 20 21 28 47 48 56 58 64 70
3 4 10 15 18 20 21 28 46 48 56 58 64 70
3 8 14 15 21 35 47 52 56 58 64 70
3 6 14 15 21 33 35 46 52 56 58 64 70
3 5 10 15 18 20 21 28 32 36 47 48 56 61 64 70
3 5 10 15 18 20 21 26 29 46 48 56 58 64 70
3 10 15 18 20 21 29 47 48 56 61 62 64 70
3 4 10 15 18 20 21 28 32 47 50 56 58 64 70
3 5 10 15 18 20 21 26 28 47 48 56 61 64 70
3 5 10 15 18 20 21 28 32 36 47 48 56 58 64 70
3 10 15 18 20 21 29 47 48 53 58 64 70
3 4 10 15 18 20 21 28 47 48 56 61 63 64 70
3 6 10 15 21 29 47 48 56 58 64 70
3 10 15 19 20 21 29 46 48 56 58 64 70
3 4 10 15 18 20 21 28 47 48 56 58 64 70
2 3 5 10 15 18 20 21 26 28 46 51 56 58 64 70
3 4 10 15 18 20 21 28 47 48 56 58 64 70
3 5 10 15 18 20 21 29 32 34 46 48 56 58 64 70
2 3 5 10 15 18 20 21 26 28 47 48 56 61 64 70
3 4 10 15 18 20 21 28 47 48 56 61 64 70
3 7 10 15 24 29 33 47 48 56 59 64 69
3 4 10 15 18 20 21 28 45 46 52 56 58 64 70
3 5 10 15 18 20 21 28 39 46 48 56 58 64 70
3 4 10 15 18 20 21 46 50 56 58 64 69
3 7 10 15 21 29 33 35 46 50 56 58 64 70
3 4 10 15 18 20 21 28 39 47 49 56 58 64 70
3 5 12 15 18 21 29 46 52 56 58 64 70
3 6 14 15 21 46 48 56 58 64 70
3 9 10 15 18 20 21 30 47 48 56 58 64 69
3 5 10 15 18 20 21 28 33 46 48 56 58 64 70
2 3 5 10 16 17 21 28 33 47 48 56 61 64 73
3 5 10 15 18 20 21 28 32 34 36 47 48 56 58 64 70
3 5 10 16 17 21 29 47 50 56 61 62 64 73
3 5 10 15 17 21 29 46 52 53 58 64 70
3 5 10 15 18 20 21 28 34 36 47 52 56 58 64 70
2 3 5 10 15 18 20 21 26 28 46 48 56 58 64 70
3 5 10 15 18 21 28 34 46 48 56 58 64 70
3 6 10 15 21 29 47 50 56 58 64 70
3 10 15 17 21 29 45 46 48 56 58 66 70
3 6 14 15 21 35 46 52 56 58 64 70
3 5 10 15 18 21 28 46 48 56 58 64 70
3 4 10 15 18 20 21 47 50 56 61 64 69
3 10 15 18 20 21 29 39 45 46 48 53 58 64 70
3 5 10 15 18 20 21 29 33 46 48 56 58 64 70
3 4 10 15 18 20 21 28 47 48 56 58 64 70
2 3 5 10 15 17 21 28 34 47 48 56 58 64 70
3 5 10 15 18 20 21 29 32 34 36 47 50 56 61 64 70
3 4 10 15 18 20 21 28 36 46 52 56 58 64 70
3 6 14 15 21 33 35 46 52 56 58 65 70
1 3 5 10 15 20 21 26 34 41 47 50 56 60 64 72
1 3 10 15 19 20 21 41 47 50 56 58 64 72
3 4 10 15 18 20 21 36 47 50 57 61 64 69
1 3 5 10 15 20 21 26 37 47 49 56 58 64 72
3 4 10 15 18 20 21 34 47 50 56 58 64 69
3 4 10 15 18 20 21 47 50 56 58 64 69
3 5 10 16 17 21 29 46 48 53 58 64 73
3 5 10 16 17 21 29 33 35 46 52 56 58 65 73
