1 3 5 7 10 12 13 16 18 19
2 4 6 8 10 12 14 16 18 20
1 3 5 7 10 12 14 16 18 19
2 4 6 8 10 12 14 16 18 20
1 3 5 7 10 12 14 16 18 19
2 3 5 7 10 12 13 16 18 19
2 4 6 7 10 12 14 16 18 20
1 3 5 7 10 12 13 16 18 19
1 4 6 7 10 12 13 16 18 19
1 3 5 7 10 12 13 16 18 19
2 4 6 8 10 12 14 16 18 20
2 3 6 8 10 12 13 16 18 19
2 4 6 8 10 12 14 16 18 20
2 4 6 8 10 12 14 16 18 20
2 3 5 8 10 12 14 16 18 19
2 3 5 7 10 12 14 16 18 19
1 3 5 7 10 12 14 16 18 19
1 3 5 7 10 12 14 16 18 19
1 3 5 7 10 12 13 16 18 19
2 4 6 8 10 12 14 16 18 20
2 4 6 8 10 12 14 16 18 20
1 3 5 7 10 12 13 16 18 19
1 3 5 7 10 12 14 16 18 19
1 3 5 7 10 12 14 16 18 19
1 4 6 8 10 12 14 16 18 20
1 3 5 7 10 12 13 16 18 19
2 4 6 8 10 12 14 16 18 20
2 3 6 7 10 12 13 16 18 19
1 3 5 7 10 12 14 16 18 19
1 3 5 7 10 12 13 16 18 19
2 4 6 8 10 12 14 16 18 20
2 3 5 7 10 12 13 16 18 19
2 3 5 7 10 12 14 16 18 19
2 4 6 8 10 12 14 16 18 20
2 3 5 7 10 12 14 16 18 19
2 4 6 7 10 12 14 16 18 20
2 4 5 8 10 12 14 16 18 19
1 3 5 7 10 12 14 16 18 19
2 4 6 8 10 12 14 16 18 20
1 3 5 7 10 12 13 16 18 19
1 3 5 8 10 12 14 16 18 19
1 3 5 7 10 12 14 16 18 19
1 4 6 8 10 12 14 16 18 20
2 4 6 8 10 12 14 16 18 20
1 3 5 7 10 12 14 16 18 19
1 3 5 7 10 12 14 16 18 19
2 4 6 8 10 12 14 16 18 20
2 4 5 7 10 12 14 16 18 19
2 4 6 8 10 12 14 16 18 19
1 3 5 7 10 12 13 16 18 19
1 3 5 7 10 12 14 16 18 19
2 4 6 7 10 12 14 16 18 20
1 3 5 7 10 12 14 16 18 19
2 4 6 7 10 12 14 16 18 20
2 3 5 7 10 12 13 16 18 19
2 4 6 8 10 12 14 16 18 20
2 4 6 8 10 12 14 16 18 20
2 3 5 8 10 12 14 16 18 19
2 4 6 8 10 12 14 16 18 20
2 4 6 7 10 12 14 16 18 20
2 3 6 7 10 12 14 16 18 19
2 4 6 8 10 12 14 16 18 20
2 4 6 8 10 12 13 16 18 19
2 4 6 8 10 12 14 16 18 20
2 3 5 7 10 12 14 16 18 19
2 4 6 8 10 12 14 16 18 20
2 3 5 7 10 12 14 16 18 19
2 3 5 8 10 12 13 16 18 19
2 4 6 7 10 12 14 16 18 19
2 4 6 8 10 12 14 16 18 19
