9 17 22 34 46 54 65 73 83 97 103 117 124 132 146 157 161 171 181 200 201 211
1 16 24 31 45 54 70 74 83 98 103 115 124 132 145 157 161 171 181 191 201 213
5 16 22 34 44 52 67 72 83 100 101 119 126 132 146 160 161 180 181 191 201 211
6 18 23 33 47 54 66 73 82 98 101 117 123 133 147 158 161 171 181 200 201 211
1 16 23 34 46 57 66 73 82 97 101 116 124 132 146 157 161 171 181 191 210 211
7 18 22 36 47 53 66 74 85 99 102 118 124 133 147 156 161 171 181 200 201 211
8 18 23 33 47 53 67 74 82 99 101 117 124 132 146 158 161 171 181 191 201 211
5 16 23 33 46 52 66 73 83 97 101 116 125 132 146 157 161 180 181 191 201 212
5 17 23 35 46 56 65 73 83 98 102 117 123 133 147 156 161 171 181 191 201 211
9 18 22 37 47 53 68 74 83 98 101 117 123 133 146 157 161 171 181 200 201 211
9 18 22 35 47 53 65 73 83 99 102 118 123 133 147 157 170 171 181 191 201 211
10 17 23 36 46 51 65 74 83 98 101 118 123 133 148 158 161 180 181 191 201 213
6 17 22 35 46 52 66 76 82 99 101 118 124 132 148 158 161 171 181 191 201 211
6 18 23 36 46 53 66 74 83 99 101 118 124 133 146 158 161 171 181 191 201 211
6 17 23 35 46 56 66 74 83 100 102 119 124 134 147 157 161 171 181 200 201 211
9 17 23 34 47 54 65 73 83 97 101 117 126 133 150 157 161 180 181 191 201 211
1 17 24 32 46 51 67 75 81 98 101 117 124 131 146 160 161 180 181 191 201 211
7 17 22 34 46 53 66 73 83 98 101 117 124 134 146 157 161 180 181 191 201 211
8 17 23 34 46 54 66 74 83 98 102 117 124 133 146 157 161 171 181 191 201 211
5 15 22 36 46 57 65 73 82 97 102 116 124 133 146 157 161 171 181 191 210 211
10 16 23 34 46 55 66 72 84 97 103 116 124 133 147 157 161 171 181 200 201 213
9 17 22 35 47 52 65 73 82 97 101 116 123 133 146 157 161 180 181 191 201 211
6 16 22 33 45 52 67 74 83 99 101 117 123 132 146 157 161 180 181 191 201 211
8 16 22 36 45 53 66 72 82 99 101 118 123 133 146 157 170 171 181 200 201 211
8 19 23 33 49 55 67 75 82 97 101 115 124 133 147 157 161 171 181 200 201 211
5 17 23 33 47 51 66 73 83 97 101 116 124 133 146 157 161 171 181 191 201 211
5 17 22 35 46 55 66 73 83 98 101 117 124 131 150 157 161 180 181 191 201 211
1 16 24 35 44 59 67 73 82 100 103 118 125 135 145 157 161 171 181 191 201 214
9 17 22 32 47 52 66 74 83 97 102 116 125 133 146 157 161 171 181 191 201 212
3 17 23 34 46 54 67 74 83 98 101 117 124 132 146 157 161 171 181 191 201 211
9 16 22 34 46 53 66 72 83 97 101 117 124 133 148 157 161 180 181 200 201 211
7 17 23 34 46 53 66 74 83 98 102 117 124 133 146 157 161 171 181 200 201 211
10 15 23 35 44 53 66 76 83 100 101 119 126 132 147 158 161 171 181 191 201 211
2 14 22 35 44 55 66 74 82 96 101 115 123 133 146 157 161 171 181 200 201 211
9 18 22 33 47 53 66 74 82 99 101 118 124 133 146 157 161 171 181 191 201 211
9 18 23 34 47 52 67 73 82 99 101 117 126 132 146 157 170 171 181 191 201 211
7 16 22 33 46 54 66 74 82 97 103 117 125 133 146 157 161 171 181 200 201 211
9 18 21 37 46 51 66 76 82 100 101 119 123 133 147 157 161 171 181 191 201 211
1 16 23 33 47 60 65 73 82 96 101 115 122 134 150 157 161 180 181 191 210 211
4 19 22 36 48 52 67 74 82 99 101 117 124 133 147 158 161 180 181 191 201 211
4 17 23 34 46 54 66 74 83 98 102 117 124 133 146 157 161 171 181 200 201 211
9 16 23 33 45 55 67 73 83 99 101 117 124 134 146 157 161 171 181 191 201 211
2 17 23 34 46 54 67 74 83 98 101 117 124 132 146 157 161 171 181 191 201 211
6 17 22 34 46 53 66 73 83 98 101 117 124 133 146 157 161 180 181 191 201 211
2 15 21 38 43 52 66 72 82 100 101 119 125 132 150 157 161 180 181 191 201 211
4 15 22 35 45 58 65 71 82 97 101 116 125 133 146 157 161 180 181 191 201 211
10 18 22 34 47 54 67 73 83 100 102 118 129 133 146 157 161 171 181 191 201 211
1 16 23 34 46 57 66 73 82 97 101 116 124 132 146 157 161 171 181 191 210 211
2 17 23 33 46 51 68 80 82 97 101 115 123 132 146 157 161 171 181 191 201 211
5 18 22 31 47 53 65 73 83 98 103 117 124 132 146 157 161 171 181 200 201 211
2 15 22 39 45 51 65 72 82 98 101 117 123 132 146 157 161 180 181 191 201 211
4 17 23 31 47 52 65 73 82 97 101 116 127 132 146 157 161 171 181 191 201 211
2 17 23 34 46 54 67 74 83 98 101 117 124 132 146 157 161 171 181 191 201 211
2 17 23 34 46 54 67 74 83 98 101 116 124 132 146 157 161 171 181 191 201 211
6 17 23 34 46 53 66 74 83 98 102 117 124 133 146 157 161 171 181 200 201 211
2 17 23 34 46 54 67 74 83 98 101 116 124 132 146 157 161 171 181 191 201 211
9 17 22 32 46 52 66 73 83 98 101 118 127 133 146 157 161 180 181 191 201 211
6 17 23 34 46 54 66 74 83 98 102 117 124 133 146 157 161 171 181 191 201 211
4 18 22 33 48 51 66 73 83 97 101 116 123 133 146 157 161 171 181 191 201 211
7 19 21 40 48 53 66 73 83 98 101 117 123 133 146 157 161 171 181 191 201 211
3 17 22 34 46 56 66 73 83 99 101 118 122 132 146 157 161 171 181 200 201 211
8 19 23 33 48 54 67 73 83 98 103 117 124 132 147 157 161 171 181 200 201 211
3 19 22 33 48 54 68 73 82 98 101 116 125 132 146 157 161 171 181 191 201 211
9 17 22 32 48 53 65 73 83 96 101 116 124 133 147 157 161 180 181 191 201 211
2 14 23 36 44 55 65 74 83 97 101 117 123 133 148 157 161 171 181 200 201 211
4 17 22 35 46 54 67 73 85 98 101 117 122 132 147 156 161 171 181 191 201 211
1 17 23 34 46 53 67 73 83 98 101 116 124 133 146 157 161 180 181 191 201 211
8 16 22 36 46 53 67 72 83 97 102 116 128 133 147 157 161 180 181 191 201 211
7 16 23 36 47 53 64 73 83 95 101 115 124 134 147 156 170 171 181 191 201 211
1 17 23 34 46 54 67 74 83 98 102 117 123 133 146 157 161 171 181 200 201 211
8 17 22 33 46 53 67 72 83 98 101 117 128 133 146 157 161 180 181 191 201 211
2 17 23 34 46 54 67 74 83 98 101 116 124 132 146 157 161 171 181 191 201 211
6 16 23 32 46 52 65 75 82 97 101 117 123 133 147 158 161 180 181 191 201 211
5 18 23 35 48 52 68 74 83 98 101 116 121 132 146 157 161 171 181 191 201 211
4 17 23 32 46 54 65 73 83 98 101 118 123 132 148 158 161 171 181 200 201 211
9 17 22 34 46 51 67 75 82 98 101 117 124 133 147 157 161 171 181 191 201 211
10 18 22 36 47 52 65 78 82 99 101 118 122 135 146 157 161 171 181 200 201 214
2 17 23 34 47 52 67 74 82 97 101 116 123 133 146 157 161 171 181 200 201 211
1 16 23 33 46 54 68 77 82 98 101 116 123 133 146 157 161 171 181 191 201 214
1 16 23 34 46 57 66 73 82 97 101 116 124 132 146 157 161 171 181 191 210 211
4 15 23 32 45 53 65 73 83 96 109 116 123 133 146 157 161 171 181 200 201 211
7 16 23 31 46 53 66 74 83 97 101 116 126 132 146 160 161 180 181 191 201 211
2 17 23 34 46 53 67 74 82 98 101 117 124 133 146 157 170 171 181 191 201 211
6 17 22 32 46 53 66 73 82 99 101 119 127 133 147 158 161 180 181 191 201 211
9 16 22 35 46 52 66 75 83 98 101 117 123 133 147 157 161 171 181 200 201 211
3 18 22 34 46 53 67 72 82 99 102 118 128 133 145 158 161 171 181 200 201 211
4 17 23 34 45 56 67 74 83 99 102 118 123 132 146 157 161 171 181 191 201 211
2 17 23 34 46 54 67 74 83 98 101 116 124 132 146 157 161 171 181 191 201 211
1 17 23 34 46 54 67 74 83 98 101 116 124 132 146 157 161 171 181 191 201 211
1 15 23 33 46 52 67 77 82 96 101 114 126 133 146 157 161 171 181 200 201 211
5 15 23 35 44 53 67 74 82 98 101 116 124 132 147 157 161 171 181 200 201 211
3 17 23 34 46 53 67 74 83 98 102 116 125 133 146 157 161 180 181 200 201 211
6 17 22 36 46 52 69 73 85 99 102 116 125 132 146 157 161 180 181 191 201 211
5 16 24 33 46 56 67 73 83 97 102 116 125 132 146 157 161 171 181 191 201 211
2 18 22 37 49 54 66 73 84 96 101 115 127 134 146 156 161 171 181 191 201 211
2 17 22 34 46 55 66 74 83 98 101 117 124 131 150 157 161 180 181 200 201 211
8 18 22 35 47 57 68 74 83 99 102 117 123 133 147 157 161 171 181 200 201 211
3 16 22 34 47 55 64 73 83 96 102 115 124 133 147 157 161 171 181 191 210 211
2 17 23 34 46 54 67 74 83 98 102 117 124 133 146 157 161 171 181 200 201 211
2 17 23 34 46 54 67 74 83 98 101 117 124 132 146 157 161 171 181 191 201 211
6 18 22 34 47 53 68 73 82 98 102 116 125 133 145 157 161 171 181 191 201 211
1 17 23 33 46 55 68 75 82 98 101 116 123 132 146 157 161 171 181 191 201 211
1 17 24 32 46 51 67 75 81 98 101 117 124 131 146 160 161 180 181 191 201 211
7 20 23 36 48 55 68 75 86 99 102 117 124 133 146 155 161 171 181 191 201 211
9 18 23 32 47 53 67 75 83 98 101 117 124 133 147 157 170 171 181 191 201 211
4 16 23 34 45 53 66 73 83 99 102 118 125 133 146 157 161 171 181 200 201 213
5 14 23 34 43 52 66 76 82 100 101 119 123 132 148 158 161 171 181 200 201 211
1 17 23 34 46 53 67 73 83 98 101 116 124 133 146 157 161 180 181 191 201 211
4 17 23 35 47 52 66 74 83 96 101 115 123 133 146 157 161 180 181 191 201 211
9 14 23 35 43 57 65 73 82 99 102 119 124 132 148 158 161 171 181 191 201 211
5 17 23 34 46 54 66 74 83 98 101 117 124 133 146 157 161 171 181 191 201 211
8 18 23 34 47 52 66 74 83 98 103 117 123 135 145 156 170 171 181 191 201 211
1 15 22 33 45 53 67 73 82 96 101 115 127 133 146 157 161 180 181 191 201 211
6 17 23 32 47 56 65 73 84 98 105 117 124 134 147 156 161 171 181 200 201 211
4 19 23 37 49 54 67 74 82 97 101 115 123 133 146 157 161 171 181 191 201 211
1 16 24 32 46 53 67 77 82 97 102 116 123 132 146 157 161 171 181 200 201 211
7 17 24 33 47 54 66 75 82 96 101 115 124 133 146 157 161 171 181 191 201 211
7 15 23 32 44 55 65 74 85 98 105 118 123 133 148 156 161 171 181 200 201 211
6 17 23 34 46 54 66 74 83 98 101 117 124 133 146 157 161 171 181 191 201 211
8 16 23 36 45 55 66 75 83 98 104 117 123 134 147 156 161 171 181 191 201 211
9 17 22 34 46 53 66 73 83 98 101 117 124 134 146 157 161 180 181 191 201 211
1 16 23 32 47 53 66 73 83 96 102 115 121 132 147 157 161 180 181 191 201 214
4 17 22 34 46 55 66 73 83 98 101 117 124 131 150 157 161 180 181 191 201 211
7 18 23 34 48 51 64 79 82 97 101 116 123 133 148 158 161 171 181 200 201 211
9 17 22 34 46 53 66 73 83 98 101 117 124 134 146 157 161 180 181 191 201 211
5 17 23 34 46 54 66 74 83 98 101 117 124 133 146 157 161 171 181 191 201 211
7 17 22 34 46 53 66 73 83 98 101 117 124 134 146 157 161 180 181 191 201 211
6 17 22 33 47 53 65 74 83 97 102 116 123 134 147 157 161 171 181 200 201 211
10 17 23 33 47 57 65 73 83 96 101 116 123 133 148 157 161 180 181 191 201 212
8 16 22 33 45 52 67 72 82 98 101 117 123 132 146 158 161 171 181 191 201 212
10 19 22 37 48 53 66 73 83 98 103 117 125 133 146 157 170 171 181 191 201 211
9 17 22 33 46 54 66 73 83 98 102 118 125 133 146 157 161 171 181 200 201 211
6 17 22 36 45 56 68 73 84 99 104 118 123 133 147 156 161 171 181 191 201 211
6 17 22 37 47 57 69 73 84 97 102 114 125 133 146 155 161 171 181 191 201 211
4 15 22 36 44 55 64 72 83 99 101 119 125 133 149 157 161 180 181 191 201 211
9 17 22 36 46 51 69 75 82 99 101 116 124 132 146 157 161 171 181 191 201 211
2 17 24 32 46 51 67 75 81 98 101 117 124 131 146 160 161 180 181 191 201 211
5 17 23 34 46 54 66 74 83 98 102 117 124 133 146 157 161 171 181 200 201 211
10 16 22 33 45 53 67 75 83 100 102 118 124 133 147 157 161 171 181 200 201 213
9 18 23 36 48 52 65 74 83 98 101 117 124 133 146 157 161 171 181 191 201 211
3 17 22 36 47 55 66 73 83 97 101 116 123 132 148 157 161 171 181 191 201 211
6 19 22 35 49 52 67 74 82 97 101 116 125 133 147 157 170 180 181 191 201 211
5 17 23 34 46 53 66 73 83 98 101 117 124 134 146 157 161 180 181 200 201 211
2 17 23 34 46 54 67 74 83 98 101 116 124 132 146 157 161 171 181 191 201 211
2 17 23 34 46 54 67 74 83 98 101 116 124 132 146 157 161 171 181 191 201 211
6 17 23 34 46 54 66 74 83 98 102 117 124 133 146 157 161 171 181 191 201 211
10 17 23 34 46 54 66 74 83 98 102 117 124 133 146 157 161 171 181 191 201 211
7 19 23 33 48 53 66 77 83 98 102 117 123 132 147 158 170 171 181 191 201 212
1 17 24 32 46 51 67 75 81 98 101 117 124 131 146 160 161 180 181 191 201 211
6 17 23 34 46 54 66 74 83 98 101 117 124 133 146 157 161 171 181 191 201 211
1 17 23 34 46 54 67 74 83 98 101 116 124 132 146 157 161 171 181 191 201 211
1 17 23 33 46 54 67 74 83 98 102 116 123 133 146 157 161 171 181 200 201 211
6 17 22 34 46 51 65 74 82 98 101 117 124 133 146 157 161 171 181 191 201 211
10 17 24 34 47 51 66 78 82 98 101 117 123 134 146 157 161 171 181 191 201 213
8 17 23 32 47 52 68 75 83 97 101 115 124 132 146 157 161 171 181 191 201 211
8 20 22 32 48 55 68 73 83 99 101 117 124 133 147 157 161 171 181 191 201 211
7 15 23 32 45 56 66 72 83 98 102 117 123 133 146 157 161 171 181 191 201 211
4 17 23 34 46 54 66 74 83 98 101 117 124 133 146 157 161 171 181 191 201 211
3 18 22 32 47 56 67 73 84 98 102 117 126 132 148 156 161 171 181 200 201 211
2 17 23 34 46 54 67 74 83 98 102 117 124 133 146 157 161 171 181 200 201 211
8 16 23 34 45 54 64 72 82 98 102 118 126 133 146 157 161 171 181 191 201 211
9 17 23 34 46 53 66 74 82 98 101 117 124 133 146 157 170 171 181 191 201 211
9 17 24 33 46 51 66 75 81 98 101 117 124 131 146 160 161 180 181 191 201 211
2 17 23 34 46 53 67 73 83 98 101 116 124 133 146 157 161 180 181 191 201 211
1 17 23 34 46 53 67 73 83 98 101 116 124 134 146 157 161 180 181 200 201 211
2 17 23 34 46 54 67 74 83 98 102 117 124 133 146 157 161 171 181 200 201 211
6 17 22 34 46 53 66 73 83 98 101 117 124 133 146 157 161 180 181 191 201 211
2 17 23 34 46 54 67 74 83 98 102 117 124 133 146 157 161 171 181 200 201 211
2 17 23 34 46 54 67 74 83 98 101 117 124 132 146 157 161 171 181 191 201 211
2 17 24 32 46 51 67 75 81 98 101 117 124 131 146 160 161 180 181 191 201 211
8 16 22 34 46 54 66 74 82 98 101 117 124 134 146 157 161 171 190 191 201 211
9 17 22 34 46 56 65 73 82 97 102 117 124 134 146 157 161 171 181 200 210 211
6 16 22 34 45 55 66 73 82 99 101 118 125 132 150 157 161 180 181 200 201 211
1 16 23 34 46 54 66 75 82 98 101 117 123 134 146 157 161 171 190 200 201 211
8 16 22 35 45 53 67 73 83 98 101 117 128 132 146 157 161 171 181 191 201 211
9 17 23 34 46 53 66 74 83 98 102 117 124 133 146 157 161 171 181 200 201 211
6 17 23 34 46 54 66 74 83 98 102 117 124 133 146 157 161 171 181 191 201 211
10 15 22 34 45 51 66 75 82 98 101 117 122 134 147 157 170 171 181 191 201 213
8 16 23 33 45 55 66 73 83 99 101 117 123 132 147 157 161 171 181 191 201 211
9 18 22 36 49 55 64 74 83 96 101 115 123 133 148 156 161 171 181 191 201 211
10 17 22 37 46 55 68 72 83 99 101 117 123 132 147 157 170 171 181 191 201 211
2 17 22 34 46 55 66 73 83 98 101 117 124 131 150 157 161 180 181 191 201 211
8 18 22 31 48 52 66 73 83 98 101 117 123 134 146 157 161 171 181 191 201 211
10 16 22 35 45 54 66 72 83 99 103 118 126 132 146 158 161 171 181 191 210 211
10 18 23 35 46 54 68 72 84 100 110 118 123 132 145 157 161 171 181 191 201 211
2 17 23 36 46 52 67 75 83 98 101 117 124 133 146 157 161 171 181 200 201 211
3 17 23 34 46 54 66 74 83 98 102 117 124 133 146 157 161 171 181 200 201 211
2 17 24 32 46 51 67 75 81 98 101 117 124 131 146 160 161 180 181 191 201 211
5 16 22 34 45 55 66 72 82 99 102 118 124 132 147 157 170 171 181 191 201 211
1 16 23 34 46 57 66 73 82 97 101 116 124 132 146 157 161 171 181 191 210 211
10 19 22 36 48 51 69 76 83 98 101 116 123 132 146 157 161 171 181 191 201 211
9 16 23 32 45 57 66 74 82 99 101 118 123 133 148 158 161 171 181 200 201 211
6 16 22 37 46 55 66 73 83 97 101 117 123 133 148 157 161 171 181 200 201 211
6 16 23 32 46 54 65 73 82 98 101 117 121 133 146 158 161 171 181 191 210 211
4 17 23 34 46 54 66 74 83 98 101 117 124 133 146 157 161 171 181 191 201 211
6 16 23 35 45 53 66 74 83 99 101 118 121 133 147 157 161 171 181 200 201 212
9 17 23 32 46 55 66 74 83 99 102 118 123 132 148 158 161 171 181 200 201 211
9 16 23 33 46 55 65 75 82 97 101 117 122 133 149 158 161 180 181 191 201 211
6 17 22 34 46 56 66 73 82 97 102 116 124 133 146 157 161 171 181 191 210 211
4 17 24 33 46 51 66 75 81 98 101 117 124 131 146 160 161 180 181 191 201 211
4 17 23 34 46 53 66 74 82 98 101 117 124 133 146 157 170 171 181 191 201 211
3 17 23 35 46 54 68 74 82 98 101 116 124 133 146 157 161 171 181 191 201 211
3 17 23 34 46 54 67 74 83 98 101 117 124 132 146 157 161 171 181 191 201 211
1 17 23 34 46 54 67 74 83 98 101 116 124 132 146 157 161 171 181 191 201 211
8 17 23 32 47 58 68 73 82 98 102 116 121 133 147 157 161 171 181 191 201 211
4 17 22 34 46 54 67 73 83 98 101 116 124 132 146 157 161 171 181 191 201 211
3 17 23 34 46 54 66 74 83 98 102 117 124 133 146 157 161 171 181 200 201 211
3 17 23 34 46 54 67 74 83 98 101 117 124 132 146 157 161 171 181 191 201 211
10 17 23 34 46 53 66 74 83 98 102 117 124 134 146 157 161 171 181 200 201 211
1 17 23 34 46 54 67 74 83 98 102 117 123 133 146 157 161 171 181 200 201 211
2 18 23 33 48 54 67 74 83 97 105 116 123 133 146 157 161 171 181 200 201 211
1 17 23 35 46 54 67 72 83 97 101 116 125 132 147 158 161 180 181 191 201 211
2 17 23 34 46 53 66 73 83 98 101 116 124 134 146 157 161 180 181 200 201 211
1 17 23 34 46 53 67 73 83 98 101 116 124 133 146 157 161 180 181 191 201 211
2 18 22 36 48 53 67 72 83 98 101 116 124 133 147 157 161 180 181 200 201 211
8 17 23 34 46 54 66 74 83 98 102 117 124 133 146 157 161 171 181 191 201 211
6 17 23 34 46 54 66 74 83 98 102 117 124 133 146 157 161 171 181 191 201 211
9 16 24 35 46 55 67 73 84 99 101 117 124 132 146 157 161 171 181 191 201 211
2 17 23 34 46 53 67 73 83 98 101 116 124 133 146 157 161 180 181 191 201 211
1 16 23 34 46 55 66 75 82 97 101 116 123 133 146 157 161 171 181 191 210 214
3 16 22 36 45 57 66 72 83 99 102 118 125 134 147 157 161 171 181 191 201 211
2 17 23 34 46 54 67 74 83 98 101 117 124 132 146 157 161 171 181 191 201 211
9 18 22 33 48 53 64 73 84 98 102 118 125 132 147 157 161 171 181 200 201 212
2 17 23 34 46 54 67 74 83 98 102 117 124 133 146 157 161 171 181 200 201 211
7 18 23 35 46 51 70 75 82 100 101 117 121 132 145 158 161 171 181 191 201 211
3 18 23 37 47 55 67 73 84 98 106 116 124 132 146 157 161 171 181 191 201 211
7 18 23 34 47 55 66 72 84 97 102 116 123 133 147 156 161 171 181 191 201 211
7 17 22 37 47 55 65 73 83 97 102 116 124 134 146 156 161 171 181 191 201 211
9 18 23 36 47 57 67 73 83 99 101 117 124 133 147 157 161 171 181 191 201 211
10 17 22 34 46 53 68 73 83 99 101 116 125 132 146 157 161 171 181 200 201 212
6 19 21 35 48 56 69 72 83 98 101 116 123 132 147 157 161 171 181 191 201 211
5 17 23 34 46 54 66 74 83 98 101 117 124 133 146 157 161 171 181 191 201 211
3 17 22 38 48 54 65 74 83 96 101 115 123 133 147 156 161 171 181 200 201 211
7 15 22 35 44 56 66 73 83 99 102 117 124 133 148 156 161 171 181 191 201 211
1 16 23 34 46 57 66 73 82 97 101 116 124 132 146 157 161 171 181 191 210 211
8 17 23 34 46 53 66 74 83 98 102 117 124 133 146 157 161 171 181 200 201 211
5 16 22 38 45 56 66 72 83 98 101 118 123 134 147 156 170 171 181 191 201 211
4 17 22 33 47 53 65 73 83 96 102 115 124 133 147 157 161 180 181 191 201 211
7 17 23 34 46 53 66 74 83 98 102 117 124 133 146 157 161 171 181 200 201 211
6 17 23 34 46 54 66 74 83 98 102 117 124 133 146 157 161 171 181 191 201 211
1 17 23 34 46 53 67 73 83 98 101 116 124 133 146 157 161 180 181 191 201 211
1 16 23 34 46 54 66 75 82 98 101 117 123 134 146 157 161 171 190 200 201 211
7 17 22 35 46 54 66 74 83 99 103 118 124 132 147 157 170 171 181 191 201 211
7 16 23 31 45 53 66 74 82 98 101 117 123 132 147 158 161 171 181 200 201 211
6 18 23 36 47 53 68 74 83 98 101 116 124 132 146 157 161 171 181 191 201 211
6 18 22 34 47 52 65 74 83 97 101 117 123 132 146 157 161 171 181 191 201 211
3 17 23 34 46 54 67 74 83 98 101 117 124 132 146 157 161 171 181 191 201 211
8 18 23 34 47 55 65 73 83 98 101 117 123 133 147 157 161 171 181 200 201 211
1 17 23 33 46 54 67 74 83 98 102 116 123 133 146 157 161 171 181 200 201 211
8 19 21 36 48 54 68 73 83 98 101 116 124 132 148 157 161 171 181 191 201 214
9 17 22 35 47 53 64 74 82 97 101 117 123 133 147 157 161 171 190 191 201 211
3 18 23 34 47 54 69 72 82 99 101 117 130 132 146 158 161 180 181 191 201 211
1 15 24 31 45 58 65 75 82 96 102 115 123 133 146 157 161 171 181 191 210 211
8 18 22 36 47 54 67 74 82 99 101 117 122 132 147 157 161 171 181 191 201 211
1 17 24 32 46 51 67 75 81 98 101 117 124 131 146 160 161 180 181 191 201 211
5 16 23 35 45 53 66 74 82 99 101 118 123 132 146 157 161 171 181 191 201 211
10 17 23 32 46 54 66 73 83 98 102 117 124 133 147 157 161 171 181 200 201 211
10 14 22 37 43 55 67 73 83 100 102 118 122 134 147 156 161 171 181 191 201 213
4 18 24 33 48 55 65 74 84 96 102 116 123 133 147 156 161 171 181 191 201 211
2 16 25 34 46 53 65 76 83 98 101 118 124 133 146 158 161 171 181 200 201 211
8 17 22 32 46 52 68 73 83 98 101 117 123 133 146 157 161 171 181 200 201 211
2 17 22 34 46 54 67 73 82 98 101 116 124 133 146 157 161 171 181 200 201 211
8 15 23 32 45 54 65 76 83 97 102 116 122 133 147 157 161 171 181 191 201 211
3 16 23 34 46 54 66 75 82 98 101 117 123 134 146 157 161 171 190 200 201 211
7 17 23 34 46 54 66 74 83 98 102 117 124 133 146 157 161 171 181 191 201 211
6 17 22 33 47 56 67 73 83 98 101 116 124 133 147 156 161 171 181 191 201 211
4 17 22 32 46 51 67 74 82 99 101 117 122 133 147 158 161 180 181 191 201 211
4 19 23 36 47 57 69 73 83 99 102 117 123 132 146 157 161 171 181 200 201 211
8 15 23 33 47 54 63 74 83 94 104 115 124 134 146 157 161 171 181 200 201 211
1 16 23 34 46 54 68 75 83 98 101 116 124 134 146 157 161 180 181 200 201 211
5 17 23 34 46 54 66 74 83 98 101 117 124 133 146 157 161 171 181 191 201 211
3 17 23 34 46 54 67 74 83 98 101 117 124 132 146 157 161 171 181 191 201 211
5 16 23 34 46 54 65 75 82 97 103 116 123 134 147 157 161 171 181 200 201 211
2 17 23 34 46 54 67 74 83 98 102 117 124 133 146 157 161 171 181 200 201 211
10 16 23 35 46 53 66 74 83 97 103 116 124 133 146 157 170 171 181 191 201 211
10 18 22 35 47 55 68 73 83 98 101 116 126 133 146 157 161 171 181 191 201 211
2 17 23 34 46 54 67 74 83 98 102 117 124 133 146 157 161 171 181 200 201 211
10 17 22 39 46 51 65 75 83 99 101 119 122 136 146 156 161 171 181 191 201 211
7 17 22 34 46 56 66 74 83 98 101 117 123 131 150 157 161 171 181 191 201 211
9 16 23 36 46 53 67 75 82 96 102 115 123 134 146 157 161 171 181 200 201 211
10 15 22 35 45 54 65 73 83 97 102 117 126 134 147 157 170 171 181 191 201 211
1 17 23 33 46 55 68 76 82 98 102 116 123 133 146 157 161 171 181 200 201 211
8 19 23 34 49 55 66 73 83 97 102 116 123 133 146 157 161 171 181 191 201 211
3 17 23 32 47 52 66 75 82 97 101 116 121 132 146 157 161 171 181 191 201 211
6 17 23 34 46 53 66 74 83 98 102 117 124 133 146 157 161 171 181 200 201 211
6 17 24 33 47 56 65 73 84 96 102 116 124 134 146 156 161 171 181 191 201 211
4 18 23 31 47 53 68 74 82 99 101 117 122 132 146 158 161 171 181 191 201 211
6 18 22 35 47 54 67 72 83 98 101 116 128 132 150 157 161 180 181 191 201 211
5 18 22 33 46 54 67 73 83 99 102 117 126 133 146 157 170 171 181 191 201 211
5 16 23 35 45 55 67 74 83 99 102 118 123 134 146 157 161 171 181 200 201 211
6 16 23 34 46 54 66 74 82 98 101 117 124 134 146 157 161 171 190 191 201 211
9 19 23 34 47 55 67 74 83 99 101 117 123 133 147 157 161 171 181 191 201 211
8 16 24 32 45 55 65 75 83 99 101 118 124 134 147 157 161 171 181 200 201 211
2 17 23 34 46 54 67 74 83 98 102 117 124 133 146 157 161 171 181 200 201 211
8 17 23 34 46 53 66 74 82 98 101 117 124 133 146 157 170 171 181 191 201 211
9 17 22 35 46 54 66 73 82 98 101 118 125 133 147 158 161 171 181 200 201 211
3 14 24 32 43 54 68 74 82 100 101 118 126 133 145 158 161 171 181 191 201 212
2 15 23 35 45 54 68 75 83 98 101 116 123 132 147 157 161 171 181 200 201 211
8 16 23 34 45 55 66 72 83 98 101 117 123 134 146 157 161 171 181 191 201 211
2 17 24 32 46 51 67 75 81 98 101 117 124 131 146 160 161 180 181 191 201 211
8 16 23 35 45 57 66 71 82 99 101 118 124 133 146 157 161 180 181 191 201 211
2 20 23 35 49 54 69 74 83 98 101 116 123 132 146 157 161 171 181 200 201 211
1 17 23 34 46 54 67 74 83 98 101 116 124 132 146 157 161 171 181 191 201 211
2 17 24 32 46 51 67 75 81 98 101 117 124 131 146 160 161 180 181 191 201 211
3 17 23 34 46 54 67 74 83 98 101 117 124 132 146 157 161 171 181 191 201 211
4 16 24 33 46 55 66 73 83 98 102 117 124 133 146 157 161 171 181 191 201 211
7 20 22 32 48 54 69 73 83 100 101 117 125 132 146 157 161 171 181 191 201 211
6 17 25 32 46 55 66 74 83 98 104 117 124 133 146 158 161 171 181 191 201 211
5 18 23 35 47 56 66 73 85 98 103 117 123 132 147 156 161 171 181 191 201 211
2 17 23 34 46 54 67 74 83 98 101 116 124 132 146 157 161 171 181 191 201 211
7 14 24 32 45 51 63 76 82 94 101 114 121 135 146 157 161 171 181 191 201 213
2 17 23 32 46 56 67 74 83 98 101 116 124 132 147 157 161 171 181 200 201 211
9 17 22 35 46 54 66 72 83 98 101 117 123 133 146 157 161 171 181 191 201 212
8 17 22 35 45 56 67 73 83 99 101 118 124 132 147 157 170 171 181 191 201 211
6 16 23 33 44 54 65 73 83 100 101 120 123 134 146 157 161 171 181 200 201 211
1 17 23 34 46 54 67 74 83 98 101 116 124 132 146 157 161 171 181 191 201 211
10 17 22 36 46 55 68 73 84 100 101 118 123 132 147 156 161 171 181 191 201 211
10 17 22 35 47 56 66 73 84 97 104 116 123 132 148 156 161 171 181 191 201 211
2 17 23 34 46 54 67 74 83 98 101 117 124 132 146 157 161 171 181 191 201 211
10 16 22 37 47 53 66 76 82 96 101 115 123 134 147 156 161 171 181 191 201 214
4 16 23 34 46 57 66 73 82 97 102 116 124 133 146 157 161 171 181 191 210 211
5 18 21 36 48 54 69 73 82 97 101 115 124 133 148 157 161 180 181 200 201 211
6 16 21 35 45 52 68 74 82 99 102 117 123 131 146 157 161 171 181 191 201 212
5 17 23 34 46 54 66 74 83 98 101 117 124 133 146 157 161 171 181 191 201 211
4 16 21 32 45 54 66 72 82 99 101 118 123 132 150 157 161 180 181 191 201 211
6 16 23 32 46 54 65 72 84 97 104 116 125 140 142 155 161 171 181 200 201 211
9 16 24 35 46 55 65 75 83 97 102 116 123 133 147 157 161 171 181 191 201 211
7 17 22 35 46 52 65 74 82 98 101 118 125 134 146 157 161 171 181 200 201 211
6 15 24 38 46 51 65 77 82 96 102 115 122 137 144 156 161 171 181 200 201 211
3 18 23 34 48 54 68 73 84 98 101 116 123 132 146 157 161 171 181 191 201 211
7 17 23 34 47 57 66 73 83 97 104 116 123 132 148 157 161 171 181 191 201 211
3 17 22 34 48 53 66 73 83 97 105 116 126 132 146 157 161 171 181 200 201 211
9 17 23 34 46 53 66 74 83 98 102 117 124 133 146 157 161 171 181 200 201 211
6 17 22 34 46 54 67 72 83 98 101 117 124 133 146 157 161 171 181 191 201 211
2 17 24 32 46 51 67 75 81 98 101 117 124 131 146 160 161 180 181 191 201 211
6 18 23 32 47 53 67 77 83 98 101 117 124 132 148 158 161 171 181 200 201 211
1 17 22 34 46 55 66 74 83 98 101 117 124 131 150 157 161 180 181 200 201 211
10 12 25 31 42 51 67 77 82 98 101 116 122 135 145 158 161 171 181 191 201 213
3 17 23 34 46 54 67 74 83 98 101 117 124 132 146 157 161 171 181 191 201 211
1 16 23 34 46 55 67 75 82 98 101 117 123 133 146 157 161 171 190 191 201 211
8 15 24 32 44 54 65 74 82 99 101 118 124 133 146 158 161 171 181 191 201 211
10 16 24 34 45 52 66 79 82 98 101 118 122 134 147 158 161 171 181 200 201 213
10 16 23 36 45 57 66 73 84 97 102 116 123 133 148 156 161 171 181 191 201 211
7 16 24 33 45 53 65 73 84 97 102 117 124 133 146 157 161 171 181 191 201 211
7 18 22 36 48 55 67 72 83 97 103 116 127 133 147 157 161 171 181 191 201 211
8 17 23 34 46 53 66 74 83 98 102 117 124 133 146 157 161 171 181 200 201 211
2 17 24 32 46 51 67 75 81 98 101 117 124 131 146 160 161 180 181 191 201 211
1 17 23 34 46 53 67 73 83 98 101 116 124 133 146 157 161 180 181 191 201 211
10 17 22 36 46 52 68 75 83 99 102 117 124 133 146 157 161 171 181 200 201 211
1 11 22 31 42 53 66 72 83 96 104 115 121 133 147 156 161 171 181 200 201 212
1 17 23 34 46 54 67 74 83 98 101 116 124 132 146 157 161 171 181 191 201 211
10 17 23 37 46 55 66 74 83 100 102 119 124 133 147 157 161 171 181 191 201 211
9 17 23 33 46 52 65 74 82 99 101 118 123 134 146 158 161 171 181 200 201 211
2 17 23 34 46 53 67 73 83 98 101 116 124 133 146 157 161 180 181 191 201 211
5 17 23 33 46 53 67 73 83 98 103 117 123 132 146 157 170 171 181 191 201 211
10 18 22 35 46 52 67 74 82 99 101 117 125 134 146 157 161 171 181 200 201 211
6 19 23 36 48 55 65 74 83 97 101 116 124 133 147 157 161 171 181 191 201 211
1 17 23 34 46 53 67 73 83 98 101 116 124 133 146 157 161 180 181 191 201 211
5 19 23 33 48 55 67 74 83 98 101 117 122 131 147 158 161 171 181 191 201 211
5 16 23 32 46 56 66 73 85 98 102 117 124 133 148 156 161 171 181 191 201 211
1 17 24 32 46 51 67 75 81 98 101 117 124 131 146 160 161 180 181 191 201 211
10 17 22 34 46 54 66 72 82 98 101 117 124 133 146 157 161 171 181 191 201 211
4 20 23 34 49 53 66 75 82 98 101 117 123 134 146 158 161 171 181 200 201 211
9 17 23 34 46 54 66 74 83 98 102 117 124 133 146 157 161 171 181 191 201 211
3 17 23 34 46 54 67 74 83 98 101 117 124 132 146 157 161 171 181 191 201 211
4 17 23 34 46 54 66 74 83 98 102 117 124 133 146 157 161 171 181 200 201 211
6 14 22 36 44 57 65 71 82 97 101 116 125 131 149 157 161 171 181 191 201 213
5 18 22 33 47 53 67 72 82 99 101 117 121 132 147 158 161 171 181 200 201 211
4 17 22 35 46 52 67 72 83 99 101 117 126 132 146 157 161 171 181 191 201 211
4 17 22 35 47 55 67 74 83 97 102 116 124 133 146 156 161 171 181 200 201 211
6 17 23 33 46 52 67 76 83 97 102 116 122 133 146 157 161 171 181 200 201 211
3 18 24 32 47 54 66 75 82 98 101 117 125 133 146 158 161 171 181 191 201 211
1 16 23 33 46 53 67 75 83 98 101 116 123 133 146 157 161 171 181 200 201 213
9 16 22 34 46 56 66 74 82 98 101 117 123 132 150 157 161 171 181 200 201 211
3 16 23 34 45 56 65 72 83 97 103 117 124 133 147 157 161 171 181 191 201 211
9 15 22 34 45 54 66 75 82 98 101 117 124 133 148 157 161 171 181 191 201 211
1 14 22 36 44 52 64 77 82 97 101 116 126 133 150 157 161 180 181 191 201 213
5 18 23 32 48 54 66 73 83 97 102 116 124 132 147 158 161 171 181 191 201 211
10 18 22 36 48 53 66 72 82 97 104 115 124 133 145 157 161 171 181 191 210 212
6 15 23 36 44 51 67 73 83 98 101 117 123 133 146 158 161 180 181 191 201 211
10 16 25 34 46 54 65 78 82 98 103 118 126 132 147 159 161 171 181 191 201 211
10 16 23 34 49 53 65 74 83 94 102 113 123 135 146 156 161 171 181 200 201 211
7 18 23 32 47 54 66 73 83 97 101 116 124 132 146 157 161 171 181 191 201 211
2 17 23 34 46 53 67 73 83 98 101 116 124 133 146 157 161 180 181 191 201 211
4 16 23 34 46 52 66 75 83 97 101 116 124 133 146 157 161 171 181 191 201 211
9 18 22 37 47 54 67 73 84 97 101 116 123 132 147 156 161 171 181 191 201 211
1 17 23 34 46 53 67 73 83 98 101 116 124 133 146 157 161 180 181 191 201 211
7 16 23 34 46 52 64 73 83 97 104 117 123 133 147 157 161 180 181 191 201 211
10 17 23 34 46 53 66 74 82 98 102 117 124 134 146 157 170 171 181 200 201 211
8 15 22 33 44 51 67 76 82 99 101 117 122 133 146 157 161 171 181 191 201 212
7 17 23 34 46 53 66 75 82 98 101 117 122 132 147 158 161 171 181 191 201 211
4 18 22 34 47 53 67 75 83 98 102 117 123 133 146 157 161 171 181 200 201 211
6 15 23 33 45 54 66 73 82 98 103 117 123 134 146 158 161 171 181 191 201 211
8 15 23 32 44 51 66 73 82 99 101 118 121 133 146 158 161 171 181 191 201 211
3 15 22 33 45 52 65 79 82 97 101 117 123 134 146 157 161 171 181 191 201 212
7 17 23 34 46 54 66 74 83 98 102 117 124 133 146 157 161 171 181 191 201 211
9 16 23 34 45 55 66 73 83 99 102 118 123 133 147 157 161 171 181 191 201 211
4 16 22 37 46 51 67 73 83 97 101 116 124 132 147 157 161 180 181 191 201 211
10 16 22 36 46 53 65 72 83 98 101 117 125 133 146 157 161 171 181 191 201 212
3 19 24 34 49 52 67 76 82 97 101 116 124 134 145 158 161 171 181 200 201 211
4 16 22 34 47 56 66 73 83 95 104 114 125 133 147 156 161 171 181 191 201 211
9 17 22 38 47 53 66 72 82 97 101 117 126 133 147 157 161 171 181 191 201 211
8 17 23 34 46 54 66 74 83 98 102 117 124 133 146 157 161 171 181 191 201 211
3 17 23 34 46 54 67 74 83 98 101 117 124 132 146 157 161 171 181 191 201 211
3 17 23 34 46 54 66 74 83 98 102 117 124 133 146 157 161 171 181 200 201 211
9 18 22 35 48 54 66 73 83 97 101 115 123 133 146 156 161 171 181 191 201 212
5 17 22 36 47 53 67 76 83 97 102 116 124 133 146 157 161 171 181 191 201 212
7 17 22 34 47 54 66 73 83 97 101 116 125 132 148 157 161 171 181 191 201 213
7 17 22 34 46 53 66 73 83 98 101 117 124 134 146 157 161 180 181 191 201 211
5 16 23 33 46 52 65 75 83 96 101 116 126 133 146 157 161 171 181 191 201 211
8 17 22 34 46 53 66 73 83 98 101 117 124 134 146 157 161 180 181 191 201 211
6 17 23 34 46 53 66 74 82 98 101 117 124 133 146 157 170 171 181 191 201 211
8 15 23 33 45 51 63 75 82 97 101 117 122 135 146 157 161 171 181 191 201 213
2 17 23 34 46 53 67 73 83 98 101 116 124 133 146 157 161 180 181 191 201 211
7 17 22 36 46 54 67 72 84 99 101 117 123 132 147 156 161 171 181 191 201 211
4 16 23 36 46 54 65 74 82 97 102 116 122 133 147 157 161 171 181 200 201 211
4 16 22 33 45 52 67 73 83 98 101 117 124 134 147 157 161 180 181 191 201 211
3 17 23 34 46 53 66 73 83 98 101 116 124 133 146 157 161 180 181 191 201 211
8 18 24 32 46 52 67 73 83 100 103 119 124 133 144 158 161 171 181 200 201 212
1 14 22 36 45 51 66 77 82 96 101 115 122 133 146 157 161 171 181 191 210 214
10 13 22 36 42 51 66 77 82 99 101 118 122 138 144 156 161 171 181 191 201 214
10 17 21 34 47 55 65 73 82 98 101 118 122 133 148 157 161 171 181 191 201 211
2 16 24 32 45 54 68 74 83 98 103 116 122 131 146 157 161 171 181 191 201 211
1 17 24 32 46 51 67 75 81 98 101 117 124 131 146 160 161 180 181 191 201 211
2 17 23 34 46 54 67 74 83 98 101 117 124 132 146 157 161 171 181 191 201 211
6 17 22 34 46 54 66 72 83 98 101 117 124 133 146 157 161 171 181 191 201 211
3 17 23 37 47 56 66 72 83 98 101 117 123 132 147 157 161 171 181 191 201 211
1 16 23 33 46 52 67 76 83 98 101 116 123 133 146 157 161 171 181 200 201 214
9 18 22 34 47 54 68 73 82 99 101 117 124 132 147 157 161 171 181 191 201 212
10 15 23 34 44 52 65 72 84 99 102 119 125 133 146 157 161 171 181 191 201 211
7 17 23 31 45 53 68 73 83 100 101 118 125 131 147 158 161 171 181 200 201 211
1 17 24 32 46 51 67 75 81 98 101 117 124 131 146 160 161 180 181 191 201 211
4 17 23 33 47 54 65 73 83 97 103 117 124 133 146 157 161 171 181 191 201 211
5 17 24 33 46 51 66 75 81 98 101 117 124 131 146 160 161 180 181 191 201 211
1 16 24 35 46 52 67 77 83 97 102 115 124 132 146 158 161 171 181 200 201 211
8 16 23 34 45 53 67 74 83 100 101 118 122 132 146 157 161 171 181 191 201 211
10 12 21 33 42 54 66 71 83 98 101 117 130 138 143 155 161 171 181 191 201 212
2 14 21 35 43 57 67 71 84 100 101 118 122 135 146 155 161 171 181 191 201 212
6 20 22 34 50 54 67 73 83 97 101 115 123 133 146 157 161 171 181 191 201 211
10 15 21 35 45 54 66 72 83 97 101 116 125 135 147 156 161 180 181 191 201 211
10 14 22 32 43 51 61 75 84 98 101 120 121 134 149 156 161 171 181 200 201 214
10 19 22 33 48 52 67 73 83 98 101 116 129 134 145 157 161 171 181 191 201 214
10 11 21 36 41 54 65 71 82 97 101 116 122 136 146 156 161 171 181 191 201 213
7 16 23 37 45 51 66 76 82 98 101 117 122 133 146 157 161 171 181 200 201 213
2 15 25 32 46 51 67 79 82 95 103 114 126 132 145 158 161 171 181 191 201 212
4 18 22 33 48 53 67 73 83 97 101 116 125 132 147 157 161 171 181 191 201 211
10 12 22 35 43 52 62 74 82 94 105 115 123 136 146 156 161 171 181 191 201 214
1 14 22 36 45 58 65 74 82 96 101 116 125 133 146 157 161 171 181 191 210 213
1 16 24 31 47 53 66 76 82 96 101 115 122 132 146 157 161 171 181 200 201 214
5 15 23 36 47 56 63 73 83 94 101 115 124 137 145 155 161 171 181 191 201 211
10 15 22 38 46 53 62 74 82 95 101 116 122 134 149 157 161 180 181 191 201 213
8 16 23 35 45 53 67 76 82 99 102 118 122 133 147 158 161 171 181 200 201 211
6 17 23 34 46 54 66 74 83 98 102 117 124 133 146 157 161 171 181 191 201 211
1 16 23 34 46 56 67 75 82 97 101 116 123 133 146 157 161 171 181 200 210 213
1 16 23 34 46 56 66 74 82 97 101 116 124 133 146 157 161 171 181 191 210 213
6 19 22 34 48 52 68 73 83 98 101 116 124 132 146 157 161 171 181 191 201 213
1 16 23 34 46 55 66 74 82 97 101 116 123 133 146 157 161 171 181 200 210 213
1 16 23 33 46 53 67 75 83 98 101 116 123 133 146 157 161 171 181 200 201 212
1 16 22 34 46 56 66 74 83 97 102 116 123 133 146 157 161 171 181 200 210 212
1 16 23 33 46 53 67 75 83 98 101 116 123 133 146 157 161 171 181 200 201 213
10 15 22 34 44 52 66 75 83 99 102 118 124 134 146 157 161 171 181 191 201 212
7 17 22 34 48 55 65 72 83 96 101 115 124 134 146 157 161 171 181 191 201 212
7 18 22 32 48 52 65 74 82 97 101 117 123 132 148 158 161 180 181 191 201 212
5 17 22 34 46 53 67 71 83 98 101 116 127 133 146 157 161 171 181 191 201 211
6 15 21 31 44 54 67 76 82 99 101 118 123 135 147 156 170 171 190 191 201 213
1 15 23 32 46 55 65 74 82 96 101 115 123 132 146 157 161 171 181 191 210 213
10 16 23 32 46 56 67 72 84 98 101 117 124 134 146 156 161 171 181 191 201 211
2 15 22 34 45 54 66 74 84 97 101 116 121 132 148 155 161 171 181 191 201 212
10 14 24 32 43 54 65 73 83 98 101 118 127 136 145 157 161 171 181 191 201 211
7 16 22 33 46 55 66 72 83 98 102 117 125 132 146 157 161 171 181 191 201 212
8 16 22 35 46 55 66 72 83 98 101 117 125 132 146 157 161 171 181 191 201 213
1 17 23 35 47 52 67 75 82 97 102 115 123 135 146 156 161 171 181 200 201 213
1 16 22 33 46 51 66 76 82 97 101 116 122 132 146 157 161 171 181 191 201 211
8 17 22 33 46 54 68 72 83 98 101 116 124 132 147 157 161 171 181 191 201 213
3 17 22 38 46 53 66 74 82 98 103 117 125 133 147 157 161 171 181 200 201 211
1 15 22 31 46 51 68 76 82 96 101 114 122 133 147 157 161 171 181 200 201 213
7 15 23 34 44 52 67 74 83 98 101 117 125 132 146 157 161 171 181 191 201 211
10 16 23 34 46 51 67 74 82 98 101 116 122 133 146 158 161 171 181 191 201 214
