9 17 23 37 47 52 66 76 82 98 101 117 124 133 147 157 170 171 181 191 201 211
7 18 22 33 48 56 66 73 83 97 101 117 125 133 147 157 161 171 181 191 201 211
2 16 22 32 46 54 68 73 83 97 101 115 125 132 146 157 161 171 181 191 201 213
7 15 21 39 44 54 65 71 90 99 101 118 123 137 147 151 161 171 181 200 201 212
1 15 22 33 46 59 65 74 82 95 101 114 123 135 148 156 161 171 181 191 210 214
1 15 24 34 47 56 65 73 82 94 101 114 124 134 145 157 161 171 181 191 210 211
10 16 22 36 47 52 66 73 82 96 101 115 127 132 146 157 161 171 181 191 201 213
1 17 23 33 46 54 67 74 83 98 102 116 123 133 146 157 161 171 181 200 201 211
1 16 24 32 47 54 67 74 82 95 101 114 122 133 147 157 161 171 181 200 201 213
8 18 22 36 47 54 65 71 82 98 101 117 125 132 147 158 161 171 181 191 201 212
8 16 21 36 50 53 65 71 83 91 101 111 123 138 144 154 161 171 181 191 201 212
10 15 30 33 44 51 65 76 83 100 103 120 123 135 141 160 161 171 181 200 201 214
10 18 22 33 48 56 66 72 83 97 101 116 124 133 147 157 161 171 181 191 201 212
10 16 22 35 45 54 65 73 84 98 101 117 125 135 146 155 161 171 181 191 201 213
8 18 22 34 47 52 68 72 82 98 101 116 123 133 146 157 161 171 181 191 201 213
1 15 23 31 45 51 66 79 82 96 101 115 122 133 149 157 170 180 181 191 201 214
1 16 25 32 49 51 66 78 82 93 101 112 121 134 145 158 161 171 181 191 201 214
6 17 22 33 46 51 69 74 82 99 101 117 123 132 146 157 161 171 181 191 201 214
10 16 21 35 45 54 65 73 82 99 101 118 124 132 148 157 161 171 181 191 201 212
10 19 22 34 49 53 67 72 83 96 101 115 126 134 145 157 161 171 181 191 201 212
6 17 22 34 46 54 66 72 83 98 101 117 124 133 146 157 161 171 181 191 201 211
1 15 25 33 46 55 66 77 82 95 101 114 124 132 148 158 161 180 190 191 201 211
4 18 22 32 47 56 67 73 83 98 101 117 123 132 148 157 161 171 181 191 201 211
4 16 22 36 45 52 68 74 82 99 101 117 123 132 146 158 161 171 181 191 201 211
9 16 22 34 46 54 67 72 83 98 101 117 124 132 148 157 161 171 181 191 201 214
6 16 22 36 46 54 66 73 82 96 101 115 124 133 146 157 161 171 181 191 201 212
7 18 21 35 48 54 67 72 83 97 101 116 124 133 146 156 161 171 181 191 201 212
8 16 22 31 46 54 65 74 83 98 101 117 122 133 148 157 161 171 181 191 201 214
10 17 22 36 46 52 66 73 82 99 101 118 125 132 147 157 161 171 181 191 201 213
1 13 25 33 43 59 66 76 82 98 101 117 122 133 147 158 161 171 181 191 210 214
1 16 23 34 46 55 66 75 82 97 101 116 123 133 146 157 161 171 181 191 210 214
1 14 23 31 44 51 67 80 82 95 101 114 121 133 150 157 161 171 181 200 201 214
10 15 22 35 50 53 62 72 83 91 101 111 127 136 146 155 161 171 181 191 201 211
10 16 22 35 45 53 65 72 82 97 101 117 124 133 147 157 161 171 181 191 201 212
10 12 21 36 41 54 66 71 82 100 102 119 121 138 144 156 161 171 190 191 201 212
9 18 23 33 48 54 67 72 83 98 101 116 125 133 146 157 161 171 181 191 201 212
10 15 23 34 44 53 67 74 83 99 101 118 123 132 147 158 161 171 181 191 201 212
8 17 22 36 45 53 68 72 82 100 101 118 122 132 146 158 161 171 181 191 201 212
9 16 22 34 46 51 66 75 82 97 101 116 122 133 147 157 161 171 181 191 201 212
10 16 24 32 45 54 65 75 83 99 104 118 124 133 147 158 161 171 181 200 201 213
1 15 22 34 46 53 68 74 82 97 101 115 122 133 146 157 161 171 181 191 210 214
10 16 22 36 45 55 66 72 82 97 101 116 126 133 146 157 161 171 181 191 201 212
8 17 22 35 46 57 68 72 83 99 101 117 123 133 147 157 161 171 181 191 201 211
4 14 24 31 45 55 65 73 82 96 102 116 125 133 145 158 161 171 181 191 201 212
7 18 22 34 48 53 64 73 83 97 101 117 124 132 146 157 161 171 181 191 201 212
8 18 22 33 48 53 66 74 82 98 101 117 123 133 146 157 161 171 181 191 201 212
10 14 23 34 43 53 67 75 83 98 102 117 123 132 147 157 161 171 181 191 201 213
10 14 22 34 44 60 66 71 84 98 102 117 121 133 149 156 161 171 181 191 201 211
1 14 23 33 45 58 66 76 82 95 101 114 125 134 148 157 161 171 181 200 210 211
10 19 21 36 47 56 67 72 82 100 101 118 126 133 147 157 161 171 181 191 201 211
10 17 23 36 47 51 66 73 82 97 102 116 125 133 145 158 161 171 181 191 201 211
10 16 23 33 47 51 65 76 83 95 101 114 126 134 146 157 161 171 181 191 201 211
8 18 22 34 47 54 68 73 83 99 101 117 125 132 147 157 161 171 181 191 201 211
9 13 21 33 41 51 68 71 82 100 101 118 126 132 146 158 161 171 181 191 201 211