2 3 4 6 8 10 12 16 19 20 23 28 39 41 44 49 51 58 61 66 68 75 81 87 90 97 98 100 103 107 110 115 118 122 124
2 3 4 6 8 9 13 16 19 20 25 32 39 42 44 50 52 58 61 66 68 75 76 81 89 90 97 98 100 104 107 109 115 116 122 124
1 3 4 6 8 9 12 16 19 20 22 31 35 42 44 49 51 59 61 66 68 75 80 81 89 90 97 98 100 102 107 110 115 116 122 123
1 3 4 6 8 9 14 16 19 20 25 26 38 43 49 51 58 63 66 68 75 77 81 89 90 97 98 100 102 106 110 115 118 122 123
2 3 4 6 8 10 13 16 19 20 25 32 35 42 46 50 51 58 61 67 68 75 79 81 89 92 97 98 100 102 107 108 115 118 122 123
2 3 4 6 8 10 13 16 19 20 22 31 35 43 46 49 52 58 61 67 68 75 85 89 90 97 98 100 102 107 108 114 119 122 124
2 3 4 6 8 10 13 16 19 20 25 33 35 43 46 49 51 59 61 67 68 75 80 81 89 90 97 98 100 102 107 108 115 118 122 124
2 3 4 6 8 9 13 16 19 20 25 29 35 43 49 51 58 63 67 68 75 79 85 89 90 97 98 100 102 106 108 115 116 122 124
1 3 4 6 8 9 12 16 19 20 25 26 38 43 44 49 52 58 61 66 68 75 76 81 89 90 97 98 100 102 106 108 115 116 122 123
2 3 4 6 8 10 13 16 19 23 28 37 41 47 50 52 59 61 67 68 81 90 97 98 100 102 107 109 115 116 122 124
1 3 4 6 8 9 12 16 19 20 24 27 35 41 44 49 53 58 61 67 69 75 80 81 87 92 97 98 100 104 107 110 115 118 122 124
2 3 4 6 8 9 13 16 19 20 25 32 35 43 47 50 53 58 61 67 68 75 77 81 89 90 97 98 100 102 107 109 115 118 122 124
1 3 4 6 8 9 12 16 19 20 25 26 38 43 44 49 52 58 63 66 68 75 76 81 89 90 97 98 100 102 106 108 115 118 122 124
2 3 4 6 8 10 12 16 19 20 23 28 40 41 44 49 51 58 61 67 68 75 81 87 90 97 98 100 102 106 110 115 118 122 124
2 3 4 6 8 9 13 16 19 20 24 27 35 41 49 51 58 61 67 68 75 80 81 87 90 97 98 100 104 107 109 115 116 122 124
2 3 4 6 8 10 13 16 19 20 25 29 35 43 46 49 53 58 61 67 68 75 79 81 89 90 97 99 100 102 107 108 115 116 122 124
2 3 4 6 8 10 13 16 19 20 25 29 35 43 46 50 52 58 63 66 68 75 76 83 88 90 97 98 100 102 107 109 115 119 122 124
1 3 4 6 8 9 12 16 19 20 23 28 34 41 44 50 51 58 61 67 68 85 90 97 98 100 102 106 112 113 116 122 124
1 3 4 6 8 9 12 16 19 20 24 27 38 42 49 52 59 61 67 68 75 80 81 87 90 97 98 100 104 107 108 115 116 122 123
2 3 5 6 8 10 13 16 19 21 25 29 35 43 46 49 51 58 61 67 68 75 78 81 89 90 97 98 100 102 107 108 115 116 122 124
1 3 4 6 8 9 12 16 19 21 22 30 35 43 48 49 53 58 61 67 68 75 79 81 88 92 94 98 100 103 107 110 115 118 122 123
2 3 4 6 8 9 13 16 19 20 25 32 39 43 46 50 51 59 63 67 68 75 77 81 87 90 97 98 100 102 106 110 115 118 122 124
3 8 9 12 20 24 31 35 43 49 58 61 67 68 73 89 102 107 115 118 121 123
1 3 4 6 8 9 12 16 19 21 25 32 35 43 44 49 51 58 61 67 68 75 76 85 86 90 95 98 100 102 106 110 115 119 122 124
3 8 10 13 20 24 31 39 41 50 58 61 67 68 75 77 88 102 107 115 116 121 123
2 3 5 6 8 10 13 16 19 20 25 33 34 43 46 50 51 58 61 67 71 75 79 81 89 90 97 98 100 101 106 108 115 116 122 123
2 3 4 6 8 9 13 16 19 20 25 26 35 43 50 51 58 61 66 68 75 76 81 89 90 97 98 100 102 106 109 115 116 122 124
2 3 5 6 8 10 13 15 19 20 25 29 39 43 46 49 53 58 61 67 68 79 81 89 90 97 98 100 102 107 108 113 116 122 124
1 3 4 6 8 9 12 16 19 20 25 26 38 43 49 51 58 61 66 68 75 76 83 87 90 97 98 100 102 106 108 115 119 122 124
2 3 4 6 8 10 13 16 19 20 22 30 35 43 46 50 51 59 61 66 70 75 78 81 89 90 97 98 100 102 107 108 115 119 122 123
2 3 4 6 8 9 13 16 19 21 25 33 39 43 44 49 53 58 61 67 68 75 79 81 89 90 97 98 100 102 107 109 115 116 122 124
2 3 4 6 8 10 13 16 19 20 22 30 35 43 49 53 59 63 67 71 75 77 85 89 90 97 98 100 104 107 108 115 119 122 124
2 3 4 6 8 10 13 16 19 20 25 29 35 43 46 50 51 58 61 67 68 75 77 81 89 90 97 98 100 102 107 108 115 116 122 124
2 3 4 6 8 10 13 16 19 21 25 32 39 43 48 50 51 58 61 66 68 75 76 81 89 92 97 98 100 104 107 108 115 118 121 124
2 3 4 6 8 10 13 16 19 20 25 29 39 43 49 51 58 63 66 68 75 79 81 89 90 97 98 100 102 106 108 114 116 122 124
2 3 4 6 8 10 13 16 19 20 25 32 35 43 46 50 51 58 62 67 68 75 76 81 89 90 97 98 100 102 106 108 115 116 122 124
3 8 10 13 16 20 24 31 35 41 50 58 61 67 68 73 77 89 102 107 113 120 121 123
1 3 4 6 8 9 14 16 19 21 23 28 37 41 44 49 53 58 63 67 69 75 81 87 90 97 98 100 102 107 110 114 116 122 123
1 3 4 6 8 9 12 16 19 20 23 28 34 41 44 49 53 59 61 67 68 75 85 87 90 95 98 100 102 107 108 115 116 122 123
2 3 4 6 8 9 13 16 19 20 22 31 39 43 49 53 58 62 66 68 75 76 84 89 90 95 98 100 102 106 109 115 116 122 123
1 3 4 6 8 9 12 16 17 20 22 30 39 41 44 50 54 58 63 67 68 75 76 85 86 90 96 98 100 102 107 111 115 116 122 123
2 3 4 6 8 10 13 16 19 20 25 29 35 43 46 50 51 58 61 67 68 75 79 81 89 90 97 98 100 102 107 108 115 116 122 124
3 4 6 8 9 12 16 19 20 25 32 35 43 45 49 58 61 66 68 75 79 81 89 92 97 98 100 110 115 118 122 123
2 3 4 6 8 10 13 16 19 20 25 29 39 43 46 49 53 58 61 67 68 75 79 81 89 90 97 99 100 102 107 108 115 116 122 124
2 3 4 6 8 10 13 16 18 21 25 29 35 43 46 50 53 58 61 67 68 75 79 81 89 90 97 98 100 102 107 108 115 118 122 124
1 3 4 6 8 9 14 16 19 21 22 31 35 41 50 53 58 61 67 68 75 78 81 89 90 97 98 100 102 107 110 115 116 122 123
2 3 4 6 8 10 13 16 19 20 22 30 39 43 46 49 52 58 61 67 68 75 79 81 89 90 97 98 100 102 107 108 114 116 122 124
1 3 4 6 8 9 12 16 19 20 25 26 38 43 44 50 51 58 61 66 68 75 77 81 87 90 97 98 100 102 107 110 115 116 122 123
2 3 4 6 8 10 13 16 19 20 22 31 35 43 46 49 51 59 61 67 68 75 79 81 89 90 97 98 100 102 107 108 115 118 122 124
1 3 4 6 8 9 12 16 17 20 22 31 39 43 44 49 52 58 61 67 68 73 80 85 89 90 96 98 100 102 106 110 113 116 122 123
2 3 4 6 8 10 13 16 19 20 25 32 39 43 46 50 51 58 61 67 68 75 77 81 89 90 97 98 100 102 107 108 115 116 122 124
2 3 4 6 8 9 13 16 19 20 25 32 39 43 47 50 53 58 61 67 68 75 79 83 89 90 96 98 100 102 107 109 115 118 122 124
3 8 11 12 16 20 24 31 35 41 50 58 61 67 68 74 77 87 102 107 115 116 122 123
1 3 4 6 8 9 12 16 17 20 23 28 36 41 44 50 53 58 61 66 68 75 81 87 90 97 98 100 102 106 110 115 116 122 124
