1 3 8 9 12 16 20 22 30 39 41 50 53 59 61 66 68 75 76 86 102 107 115 116 122 123
1 3 4 6 8 9 12 16 19 21 25 26 38 43 44 49 53 58 61 66 68 75 76 81 89 90 97 98 100 104 107 110 115 116 122 123
2 3 5 6 8 10 13 16 19 21 25 29 39 43 46 50 51 58 61 67 68 75 77 81 89 90 97 98 100 102 107 108 115 116 122 124
1 3 4 6 8 9 12 16 19 20 23 28 36 41 46 49 55 57 61 67 68 75 85 87 90 95 98 100 102 107 108 115 116 122 124
2 3 4 6 8 9 13 16 19 20 23 28 36 41 44 49 51 58 61 67 68 75 81 89 90 97 98 100 102 106 109 115 116 122 124
2 3 4 6 8 10 13 16 19 20 25 32 35 43 46 50 52 58 61 66 68 75 79 81 89 90 97 98 100 102 106 108 115 116 122 123
1 3 4 6 8 9 12 16 19 20 24 27 35 41 46 49 51 58 61 66 68 75 80 81 89 90 97 98 100 104 107 110 115 116 122 124
1 3 4 6 8 9 12 16 19 20 25 26 38 43 49 51 58 61 67 68 74 77 81 89 90 97 98 100 102 107 108 115 116 122 124
2 3 4 6 8 10 13 16 19 20 22 31 39 43 49 51 58 62 66 68 75 81 89 92 97 98 100 102 107 108 115 116 122 123
1 3 4 6 8 9 12 16 19 20 22 30 39 43 48 49 53 58 61 67 68 75 80 85 89 90 97 98 100 102 107 110 115 118 122 124
2 3 4 6 8 10 13 16 19 20 25 32 39 43 46 49 51 58 63 67 71 75 79 81 89 90 97 98 100 102 107 108 114 116 122 124
1 3 4 6 8 9 12 16 19 20 25 26 35 43 44 53 58 62 67 68 75 76 81 89 90 97 98 100 102 106 108 115 118 122 124
2 3 4 6 8 10 13 16 19 20 25 29 39 43 46 50 51 58 61 67 68 75 79 81 89 90 97 98 100 102 106 108 115 116 122 124
1 3 4 6 8 9 12 16 19 21 24 27 38 41 44 49 53 58 61 66 68 75 81 89 90 97 98 100 104 107 110 115 116 122 124
2 3 4 6 8 9 13 16 19 20 22 31 35 41 50 52 59 61 67 68 73 81 89 90 97 98 100 104 106 108 115 116 122 124
1 3 4 6 8 9 12 16 19 20 22 31 35 41 50 53 59 67 68 74 78 85 87 90 97 98 100 102 107 108 115 118 122 123
2 3 4 6 8 9 13 16 19 20 25 26 38 43 49 51 58 61 67 68 75 79 81 89 90 97 98 100 102 106 109 115 116 122 123
3 8 11 12 25 32 35 43 49 58 61 67 68 75 80 89 115 119 122 123
2 3 4 6 8 10 13 16 19 20 22 31 39 42 46 49 51 58 61 66 68 73 77 81 89 90 97 98 100 102 106 108 115 118 122 124
3 8 9 12 21 25 33 35 43 50 67 68 78 89 102 107 115 120 122 123
2 3 4 6 8 9 13 16 19 20 22 31 38 43 44 49 51 58 61 67 68 74 80 81 89 92 97 98 100 102 106 109 115 116 122 124
1 3 4 6 8 9 12 16 19 21 25 33 35 43 49 52 58 61 66 68 75 79 85 88 90 96 98 100 104 107 110 114 116 122 124
2 3 5 6 8 10 13 16 19 20 25 29 39 43 46 50 51 58 61 67 68 75 78 81 89 90 97 98 100 102 106 108 115 116 122 124
2 3 4 6 8 10 13 16 19 20 25 26 38 43 46 50 51 58 61 67 68 75 80 81 89 90 97 98 100 102 106 109 115 118 122 123
1 3 4 6 8 9 12 16 19 21 25 26 38 43 44 50 53 58 61 67 68 74 76 85 89 90 97 98 100 102 107 108 115 116 122 123
1 3 4 6 8 9 12 16 19 21 22 30 39 41 44 49 51 58 61 66 68 78 81 86 90 97 98 100 104 107 110 115 118 122 123
1 3 4 7 8 9 12 16 19 21 22 31 39 41 44 49 55 58 61 67 68 73 78 85 89 90 97 98 100 102 106 110 115 116 122 124
3 8 11 12 20 25 26 38 43 49 58 61 67 68 75 79 89 104 106 115 118 121 123
3 8 11 13 20 24 30 34 43 49 61 67 68 74 80 89 101 106 115 119 122 123
1 3 4 6 8 9 12 16 19 21 25 26 35 43 44 50 52 58 61 67 68 75 76 85 89 90 97 98 100 102 107 108 115 116 122 124
2 3 4 6 8 9 13 16 19 21 22 31 39 43 44 49 51 58 61 67 68 73 77 81 86 90 97 98 100 104 107 109 115 116 122 123
1 3 4 6 8 10 13 16 19 20 23 28 40 41 44 50 55 58 61 67 68 81 88 92 97 98 100 102 107 110 114 118 122 124
2 3 4 6 8 10 13 16 19 20 25 33 40 43 46 49 55 58 66 68 75 79 85 89 90 97 98 100 102 107 108 115 116 122 124
1 3 4 6 8 9 12 16 19 20 22 31 39 43 44 50 55 58 60 67 68 75 79 85 89 90 97 98 100 104 106 110 115 116 122 123
2 3 4 6 8 9 13 16 19 20 22 30 39 43 47 50 51 59 63 67 69 75 79 81 87 90 96 98 100 102 107 109 115 118 122 123
2 3 4 6 8 9 13 16 19 21 25 32 35 43 46 50 51 59 61 66 68 75 78 81 87 90 97 98 100 102 107 110 115 118 122 124
2 3 4 6 8 9 13 16 19 20 25 33 39 43 47 49 52 59 62 67 68 75 79 81 89 90 97 98 100 102 106 109 115 118 122 124
1 3 4 6 8 9 14 16 19 21 24 27 35 41 44 50 55 58 61 67 68 75 80 81 88 92 97 98 100 104 106 111 115 116 122 124
2 3 4 6 8 10 13 16 19 20 25 29 39 43 49 52 58 61 67 68 75 79 85 89 90 97 98 100 102 107 108 115 116 122 124
2 3 4 6 8 10 13 16 19 20 25 32 35 43 46 49 52 58 61 67 68 75 77 81 89 90 97 98 100 102 107 108 113 116 122 124
1 3 4 6 8 9 12 16 19 20 22 31 35 41 46 49 55 59 61 66 68 73 81 92 97 98 100 102 107 108 115 118 122 123
2 3 4 6 8 10 13 16 19 20 22 31 35 42 50 51 58 61 67 68 75 79 81 89 90 97 98 100 102 107 108 115 119 122 123
1 3 4 6 8 9 12 16 19 20 24 27 38 41 44 49 53 58 61 67 68 75 80 81 87 90 97 98 100 104 107 110 115 118 122 124
2 3 4 6 8 9 13 16 19 20 22 31 35 43 44 49 51 58 61 67 68 74 80 81 89 92 97 98 100 106 109 115 116 122 124
2 3 4 6 8 10 13 16 19 20 25 26 35 43 46 50 51 57 61 66 68 75 77 81 88 90 97 98 100 102 106 108 115 116 122 124
3 4 6 8 10 12 16 19 21 22 31 39 43 44 49 58 61 67 70 73 77 81 89 90 97 98 100 102 106 108 114 116 122 124
2 3 4 6 8 10 13 16 19 20 22 31 39 43 49 51 58 62 66 68 75 81 89 92 97 98 100 102 107 108 115 116 122 123
2 3 4 6 8 10 13 16 19 20 25 29 35 43 46 50 51 58 61 67 68 75 79 83 89 90 97 98 100 102 107 108 115 116 122 124
2 3 4 6 8 10 13 16 19 20 22 31 35 42 49 51 59 61 66 68 74 78 81 89 90 97 98 100 102 106 108 115 116 122 124
1 3 4 6 8 9 12 16 19 21 24 27 35 41 44 49 52 58 61 66 68 75 80 81 89 90 97 98 100 104 106 110 115 120 122 124
2 3 4 6 8 9 12 16 19 21 24 27 35 41 44 49 55 59 63 66 71 75 80 81 86 90 96 98 100 102 107 110 114 116 122 123
1 3 4 6 8 9 12 16 19 21 24 27 38 41 44 49 53 58 61 66 68 75 80 81 89 90 97 98 100 102 107 110 113 116 122 123
2 3 4 6 8 10 13 16 19 21 22 31 35 43 49 51 58 61 67 68 74 80 81 89 90 97 98 100 102 107 108 114 116 122 123
1 3 4 6 8 9 12 16 19 21 24 27 35 41 44 49 51 58 61 67 68 75 80 81 89 90 97 98 100 104 106 108 115 116 122 124
