1 3 4 6 8 9 12 16 19 20 23 28 36 41 44 49 54 57 61 66 68 75 85 88 90 97 98 100 102 107 110 115 118 122 124
2 3 5 6 8 10 13 16 19 20 22 31 35 43 50 51 58 61 66 68 75 78 81 89 90 97 98 100 102 107 108 115 120 122 123
2 3 4 6 8 10 13 16 19 20 25 29 35 43 46 49 51 58 61 67 68 75 79 81 89 90 97 98 100 102 107 108 115 120 122 124
3 8 9 12 20 25 33 39 43 50 58 66 68 75 79 89 101 106 115 120 122 123
2 3 4 6 8 10 13 16 19 20 22 30 39 42 46 50 51 56 61 67 68 75 79 81 89 92 97 98 100 102 106 108 115 116 122 124
3 8 11 12 16 20 25 26 38 42 50 58 61 66 68 75 77 89 102 107 115 116 122 123
2 3 4 6 8 9 13 16 19 20 24 27 35 41 44 50 51 57 63 67 68 75 80 81 87 92 97 98 100 104 107 108 115 116 122 124
1 3 4 6 8 9 12 16 19 21 25 26 38 43 44 49 54 59 63 67 68 75 79 81 89 93 94 98 100 102 106 108 115 116 122 123
2 3 4 6 8 10 13 16 19 21 25 32 35 43 46 50 51 58 61 66 68 75 79 85 89 90 96 98 100 102 107 108 115 119 122 124
2 3 4 6 8 10 13 16 19 21 22 31 35 43 46 58 67 68 74 80 81 89 90 97 98 100 102 107 108 123
2 3 4 6 8 10 12 16 19 20 23 28 39 41 44 49 51 58 61 66 68 75 81 87 90 97 98 100 103 107 110 115 118 122 124
2 3 4 6 8 10 13 16 19 20 25 29 39 43 46 49 52 58 62 67 68 75 80 85 89 90 97 98 100 102 107 108 115 118 122 124
1 3 4 6 8 9 14 16 19 21 25 26 38 43 44 49 54 59 63 66 70 75 76 81 89 90 97 98 100 102 107 110 114 116 122 123
2 3 5 6 8 10 13 16 19 21 25 29 35 43 46 49 52 59 63 67 68 75 80 81 89 90 97 98 100 102 107 108 115 116 122 124
2 3 4 6 8 9 13 16 19 20 25 32 39 42 44 50 52 58 61 66 68 75 76 81 89 90 97 98 100 104 107 109 115 116 122 124
1 3 4 6 8 9 12 16 19 20 22 31 35 42 44 49 51 59 61 66 68 75 80 81 89 90 97 98 100 102 107 110 115 116 122 123
2 3 4 6 8 9 13 16 19 20 22 30 35 41 44 49 51 58 61 67 68 75 80 81 87 90 96 98 100 104 107 108 115 116 122 124
2 3 5 6 8 10 13 16 19 20 22 31 35 42 46 49 51 58 61 67 68 73 78 81 89 90 97 98 100 102 107 108 115 116 122 124
2 3 4 6 8 10 13 16 19 20 25 32 39 43 47 50 51 58 61 66 68 75 77 83 89 90 96 98 100 102 106 109 115 118 122 123
1 3 4 6 8 9 14 16 19 20 25 26 38 43 49 51 58 63 66 68 75 77 81 89 90 97 98 100 102 106 110 115 118 122 123
2 3 5 6 8 10 13 16 19 21 25 29 39 43 50 51 59 61 67 68 75 77 81 89 90 97 98 100 102 107 108 115 116 122 124
2 3 4 6 8 10 13 16 19 20 25 32 35 42 46 50 51 58 61 67 68 75 79 81 89 92 97 98 100 102 107 108 115 118 122 123
2 3 4 6 8 10 13 16 19 20 25 33 40 43 46 49 53 59 61 66 68 75 80 81 89 90 97 100 102 107 108 114 118 122 124
1 3 4 6 8 9 12 16 19 20 23 28 34 41 44 49 55 58 61 66 68 75 85 89 90 95 98 100 102 106 110 113 116 122 124
1 3 4 6 8 9 12 16 19 20 25 26 35 43 50 52 58 61 66 68 75 76 82 87 90 97 98 100 102 106 108 115 120 122 124
1 3 4 6 8 10 13 16 19 20 23 28 39 41 44 49 53 59 61 67 68 75 81 86 92 97 98 100 104 107 110 115 118 122 123
2 3 4 6 8 10 13 16 19 20 25 33 35 43 44 49 51 58 63 67 68 75 81 89 90 97 98 100 102 107 108 114 119 122 124
2 3 4 6 8 10 13 16 19 20 25 32 39 43 46 50 51 58 61 67 68 75 80 81 89 90 97 98 100 102 107 108 115 116 122 124
1 3 8 9 12 16 20 22 30 39 41 50 53 59 61 66 68 75 76 86 102 107 115 116 122 123
2 3 4 6 8 10 13 16 19 20 25 29 35 43 46 49 53 58 61 67 68 75 79 81 89 90 97 98 100 102 106 108 115 116 122 124
3 8 9 12 20 25 29 35 43 49 58 61 67 68 75 77 89 102 106 115 118 121 123
2 3 4 6 8 10 13 16 19 20 22 31 35 43 46 49 52 58 61 67 68 75 85 89 90 97 98 100 102 107 108 114 119 122 124
1 3 4 6 8 9 12 16 19 21 25 26 38 43 44 49 53 58 61 66 68 75 76 81 89 90 97 98 100 104 107 110 115 116 122 123
1 3 4 6 8 9 12 16 19 20 23 28 36 41 44 50 55 58 63 67 68 75 85 88 90 97 98 100 102 106 110 115 116 121 124
1 3 4 6 8 10 13 16 19 20 23 28 39 41 44 50 55 58 63 67 69 75 81 86 92 97 98 100 102 107 110 115 116 122 124
2 3 4 6 8 9 13 16 19 20 22 30 39 43 44 50 51 59 63 66 70 75 80 81 89 93 97 98 100 102 107 109 115 118 122 123
2 3 4 6 8 10 13 16 19 20 25 29 39 43 46 49 51 58 61 67 68 75 79 81 89 90 97 98 100 102 107 108 115 116 122 124
2 3 8 9 13 16 20 25 32 35 42 50 52 58 61 67 68 75 76 89 102 107 115 118 122 123
2 3 4 6 8 9 13 16 19 20 22 30 34 41 46 50 53 58 61 66 68 75 80 81 89 93 96 98 100 101 106 109 115 116 122 123
2 3 5 6 8 10 13 16 19 21 25 29 39 43 46 50 51 58 61 67 68 75 77 81 89 90 97 98 100 102 107 108 115 116 122 124
2 3 4 6 8 10 13 16 19 20 25 33 35 43 46 49 51 59 61 67 68 75 80 81 89 90 97 98 100 102 107 108 115 118 122 124
1 3 4 6 8 9 12 16 19 20 25 29 39 43 45 50 51 58 62 67 68 75 79 81 89 92 97 98 100 102 107 110 115 118 122 123
1 3 4 6 8 9 12 16 19 20 23 28 36 41 44 49 54 58 61 67 68 75 81 88 90 97 98 100 102 106 110 115 118 122 124
3 8 11 12 16 20 25 26 38 42 58 61 66 68 75 80 89 102 106 115 116 122 123
2 3 4 6 8 9 13 16 19 20 22 30 39 41 44 50 51 58 61 67 68 75 80 81 87 92 97 98 100 104 107 108 115 116 122 124
3 8 10 13 16 20 24 31 39 41 49 59 61 67 68 75 78 89 102 107 115 118 122 123
2 3 4 6 8 10 13 16 19 20 23 28 39 41 44 49 51 58 61 67 68 75 81 89 90 97 98 100 102 106 110 113 116 122 124
2 3 4 6 8 9 13 16 19 20 25 32 39 43 49 51 58 62 67 68 75 76 85 89 90 95 98 100 102 106 109 115 116 122 124
2 3 4 6 8 10 13 16 19 21 25 33 35 43 50 51 58 61 67 68 75 80 81 89 90 97 98 100 102 107 108 115 116 122 123
2 3 4 6 8 9 13 16 19 20 25 29 35 43 49 51 58 63 67 68 75 79 85 89 90 97 98 100 102 106 108 115 116 122 124
1 3 4 6 8 9 12 16 19 20 25 26 38 43 44 49 52 58 61 66 68 75 76 81 89 90 97 98 100 102 106 108 115 116 122 123
1 3 4 6 8 9 12 16 19 20 23 28 36 41 46 49 55 57 61 67 68 75 85 87 90 95 98 100 102 107 108 115 116 122 124
1 3 4 6 8 9 12 16 19 21 22 30 39 41 49 55 58 63 67 68 75 80 81 89 90 97 98 100 102 107 110 115 116 122 123
2 3 4 6 8 9 13 16 19 20 25 29 39 43 49 52 58 61 67 68 75 79 81 89 90 97 98 100 102 106 108 115 116 122 124
1 3 4 6 8 9 12 16 19 20 23 28 36 41 44 49 53 58 61 67 68 75 81 89 90 97 98 100 102 106 110 115 118 122 124
1 3 4 6 8 9 12 16 19 20 25 32 35 43 44 50 52 58 61 67 68 75 76 85 86 90 97 98 100 102 107 111 115 116 122 123
2 3 4 6 8 10 13 16 19 20 25 33 35 43 46 49 51 58 61 67 68 75 79 81 89 90 97 98 100 102 107 108 115 116 122 124
2 3 4 6 8 10 13 16 19 21 22 30 34 42 46 49 51 58 61 67 68 75 78 81 89 93 96 98 100 104 107 108 115 116 121 123
2 3 4 6 8 10 13 16 19 23 28 37 41 47 50 52 59 61 67 68 81 90 97 98 100 102 107 109 115 116 122 124
2 3 4 6 8 9 13 16 19 20 23 28 36 41 44 49 51 58 61 67 68 75 81 89 90 97 98 100 102 106 109 115 116 122 124
1 3 4 6 8 9 12 16 19 20 22 30 35 41 44 49 51 58 61 67 68 75 80 81 86 90 97 98 100 104 107 110 115 118 122 123
2 3 5 6 8 10 13 16 19 20 25 29 39 43 46 50 51 58 66 68 75 79 81 89 90 97 98 100 102 107 108 115 120 122 124
2 3 4 6 8 9 13 16 19 20 25 26 38 43 50 51 58 61 67 68 73 79 81 89 90 97 98 100 102 106 109 115 118 122 123
2 3 4 6 8 10 13 16 19 20 22 31 35 43 49 58 61 67 68 73 79 81 89 90 97 98 100 104 106 108 115 119 122 124
2 3 4 6 8 10 13 16 19 20 25 32 35 43 46 50 52 58 61 66 68 75 79 81 89 90 97 98 100 102 106 108 115 116 122 123
2 3 4 6 8 10 13 16 19 20 22 30 39 42 46 49 51 58 63 67 68 75 79 81 89 92 97 98 100 102 107 108 114 116 122 124
1 3 4 6 8 9 12 16 19 21 25 33 40 43 46 49 51 58 62 66 68 75 79 85 88 90 97 98 100 103 107 110 114 116 122 124
2 3 4 6 8 10 13 16 19 21 25 26 38 43 49 51 58 61 67 68 75 77 81 89 90 97 98 100 102 106 109 114 118 122 124
1 3 4 6 8 9 12 16 19 21 24 27 35 41 50 51 59 61 67 68 75 80 85 89 90 97 98 100 104 107 108 115 116 122 123
2 3 4 6 8 10 13 16 19 21 25 29 39 43 46 49 51 59 61 67 68 75 77 81 89 90 97 98 100 102 107 108 115 118 122 124
2 3 4 6 8 10 13 16 19 20 25 33 35 43 49 51 58 61 67 68 78 81 89 90 97 98 100 102 107 108 115 116 122 124
1 3 4 6 8 9 12 16 19 20 24 27 35 41 46 49 51 58 61 66 68 75 80 81 89 90 97 98 100 104 107 110 115 116 122 124
1 3 4 6 8 9 12 16 19 20 23 28 34 41 44 50 55 58 62 65 68 81 88 90 97 98 100 104 106 110 114 118 122 124
2 3 4 6 8 10 13 16 19 21 22 31 35 43 46 49 51 58 61 67 68 75 78 81 89 90 97 98 100 102 107 108 115 118 122 123
1 3 4 6 8 9 12 16 19 21 24 27 35 41 44 49 53 58 61 66 68 75 80 85 89 90 97 98 100 104 107 110 115 116 122 124
3 8 10 13 20 24 30 35 41 50 58 61 66 69 75 77 89 104 107 115 116 121 123
1 3 4 6 8 9 12 16 19 20 23 28 36 41 44 50 55 58 62 66 68 85 88 90 97 98 100 102 106 110 114 118 122 124
2 3 8 10 13 16 20 25 29 40 43 50 51 58 66 68 75 79 89 101 106 115 116 122 123
1 3 4 6 8 9 12 16 19 20 22 31 39 41 44 49 55 58 61 66 68 73 80 85 89 90 96 98 100 104 106 110 115 116 122 124
2 3 4 6 8 10 13 16 19 21 25 29 35 43 51 58 61 67 68 72 79 81 89 90 97 98 100 103 107 108 115 116 122 123
1 3 4 6 8 9 12 16 19 20 22 31 35 41 44 49 55 58 61 66 68 73 79 85 89 90 97 98 100 103 107 110 115 116 122 124
1 3 4 6 8 9 12 16 19 20 24 27 35 41 44 49 53 58 61 67 69 75 80 81 87 92 97 98 100 104 107 110 115 118 122 124
1 3 8 9 12 16 25 29 35 43 50 55 58 61 67 68 75 80 89 102 106 115 116 122 123
1 3 4 6 8 9 12 16 19 20 25 26 38 43 49 51 58 61 67 68 74 77 81 89 90 97 98 100 102 107 108 115 116 122 124
2 3 4 6 8 10 12 16 19 21 25 29 35 43 46 49 52 58 61 67 68 75 80 81 87 90 97 98 100 102 107 108 115 116 122 123
1 3 4 6 8 9 12 16 17 20 24 27 35 41 48 50 55 58 61 68 75 80 85 87 90 95 98 100 104 106 110 115 120 122 124
2 3 4 6 8 10 13 16 19 20 25 32 35 42 46 49 52 59 63 66 68 75 76 81 89 92 97 98 100 102 107 108 115 116 122 123
2 3 4 6 8 9 13 16 19 20 25 32 35 43 47 50 53 58 61 67 68 75 77 81 89 90 97 98 100 102 107 109 115 118 122 124
2 3 4 6 8 10 13 16 19 20 22 31 39 43 49 51 58 62 66 68 75 81 89 92 97 98 100 102 107 108 115 116 122 123
2 3 4 6 8 9 13 16 19 20 22 31 35 43 55 58 61 66 68 75 77 81 89 90 97 98 100 102 106 108 115 116 122 124
1 3 4 6 8 9 12 16 19 20 22 30 39 43 48 49 53 58 61 67 68 75 80 85 89 90 97 98 100 102 107 110 115 118 122 124
3 8 9 13 16 20 25 26 38 42 49 53 59 61 66 68 75 79 89 102 107 115 116 122 123
2 3 4 6 8 10 13 16 19 20 25 32 35 43 46 49 51 58 63 67 70 75 79 81 89 90 97 98 100 104 106 108 114 116 122 124
1 3 4 6 8 9 12 16 19 20 25 26 35 43 44 49 55 58 61 67 68 75 76 85 89 90 95 98 100 104 106 108 115 119 122 124
2 3 8 9 13 16 20 22 31 39 42 49 53 58 61 67 68 73 77 89 102 107 115 116 122 123
2 3 4 6 8 9 13 16 19 21 24 27 35 41 44 49 51 58 61 67 68 75 80 81 87 90 97 98 100 104 107 108 115 116 122 124
2 3 4 6 8 9 13 16 19 20 22 31 35 43 49 53 58 61 67 68 75 79 81 89 90 97 98 100 102 106 109 115 118 122 124
1 3 4 6 8 9 12 16 19 20 25 26 35 43 44 50 55 58 61 67 68 75 76 85 89 90 97 98 100 102 107 108 115 118 122 123
1 3 4 6 8 10 12 16 19 21 22 30 39 43 46 49 54 58 63 67 69 75 80 81 89 92 97 98 100 104 107 108 114 116 122 124
2 3 4 6 8 10 13 16 19 20 25 32 39 43 46 49 51 58 63 67 71 75 79 81 89 90 97 98 100 102 107 108 114 116 122 124
1 3 4 6 8 9 12 16 19 21 22 30 39 41 46 49 52 58 62 67 68 75 79 81 89 90 97 98 100 102 107 110 115 118 122 123
1 3 4 6 8 9 12 16 19 20 25 26 38 43 44 49 52 58 63 66 68 75 76 81 89 90 97 98 100 102 106 108 115 118 122 124
2 3 4 6 8 9 13 16 19 20 24 27 38 41 44 50 51 57 63 65 68 75 80 81 87 90 97 98 100 102 107 108 115 116 122 124
1 3 4 6 8 9 14 16 19 20 24 27 38 41 44 49 53 58 62 66 69 75 80 81 86 90 97 98 100 104 107 110 114 116 122 123
1 3 4 6 8 9 13 16 19 20 22 30 39 41 44 55 58 63 67 68 79 81 89 90 97 98 100 104 106 110 115 116 122 124
2 3 4 6 8 10 13 16 19 21 22 30 34 42 46 49 51 58 61 66 68 75 79 81 89 93 96 98 100 102 106 108 115 116 121 123
1 3 4 6 8 9 12 16 19 20 25 26 35 43 49 51 58 61 67 68 75 76 81 87 92 97 98 100 102 107 110 115 118 122 124
2 3 8 9 13 16 22 31 39 43 49 51 58 61 67 68 75 77 86 102 107 115 116 122 123
1 3 4 6 8 9 12 16 19 20 25 26 35 43 44 53 58 62 67 68 75 76 81 89 90 97 98 100 102 106 108 115 118 122 124
2 3 4 6 8 10 13 16 19 20 25 29 39 43 46 50 51 58 61 67 68 75 79 81 89 90 97 98 100 102 106 108 115 116 122 124
1 3 4 6 8 9 12 16 19 20 22 30 39 41 46 50 52 58 61 67 68 75 80 81 87 90 97 98 100 104 107 110 115 116 122 123
2 3 4 6 8 10 13 16 19 20 25 33 39 43 49 51 58 61 67 68 79 81 89 90 97 98 100 102 107 108 115 116 122 124
1 3 4 6 8 9 12 16 19 20 25 26 38 43 44 49 53 58 61 67 68 75 79 85 88 90 97 98 100 102 107 108 115 116 122 123
1 3 4 6 8 9 12 16 19 21 24 27 38 41 44 49 53 58 61 66 68 75 81 89 90 97 98 100 104 107 110 115 116 122 124
2 3 4 6 8 9 13 16 19 20 22 31 35 41 50 52 59 61 67 68 73 81 89 90 97 98 100 104 106 108 115 116 122 124
1 3 4 6 8 9 12 16 19 20 22 31 35 41 50 53 59 67 68 74 78 85 87 90 97 98 100 102 107 108 115 118 122 123
2 3 4 6 8 10 13 16 19 20 22 30 35 42 46 49 51 58 61 67 68 75 79 81 89 90 97 98 100 102 107 108 114 116 122 124
2 3 8 9 13 16 22 30 35 49 51 58 61 67 68 75 77 87 102 107 115 118 122 123
2 3 4 6 8 9 13 16 19 20 25 33 39 43 47 49 51 58 61 67 68 75 79 81 89 90 97 98 100 102 107 109 115 116 122 124
1 3 4 6 8 9 12 16 19 21 24 27 38 41 44 49 53 59 62 67 68 75 80 81 89 92 97 98 100 104 107 110 115 118 122 123
2 3 4 6 8 10 12 16 19 20 23 28 40 41 44 49 51 58 61 67 68 75 81 87 90 97 98 100 102 106 110 115 118 122 124
2 3 4 6 8 10 13 16 19 20 22 31 39 43 46 49 51 58 61 66 68 75 81 89 90 97 98 100 102 106 108 114 119 122 124
2 3 4 6 8 9 13 16 19 20 25 26 38 43 49 51 58 61 67 68 75 79 81 89 90 97 98 100 102 106 109 115 116 122 123
1 3 4 6 8 9 12 16 19 21 25 26 38 43 44 49 55 58 61 67 68 75 76 85 89 90 97 98 100 102 107 108 115 116 121 123
2 3 4 6 8 9 13 16 19 20 23 28 34 41 44 49 51 58 61 67 68 75 81 89 90 97 98 100 104 106 109 115 116 122 124
3 8 11 12 25 32 35 43 49 58 61 67 68 75 80 89 115 119 122 123
2 3 5 6 8 10 13 16 19 20 22 31 39 42 46 49 51 58 61 67 68 75 77 81 89 90 97 98 100 102 106 108 115 116 122 124
2 3 4 6 8 10 13 16 19 20 22 31 39 42 46 49 51 58 61 66 68 73 77 81 89 90 97 98 100 102 106 108 115 118 122 124
3 4 6 8 9 12 16 19 21 25 32 35 43 45 50 58 61 67 68 75 77 81 89 92 97 98 100 102 107 110 115 118 122 123
2 3 4 6 8 10 13 16 19 20 25 29 35 43 46 49 52 58 61 67 68 75 79 81 89 90 97 98 100 102 107 108 115 118 122 124
3 8 11 12 16 20 25 26 38 43 50 58 62 67 68 75 79 89 102 107 115 116 122 123
2 3 5 6 8 10 13 16 19 20 25 29 35 43 46 50 51 58 61 67 68 75 80 83 89 90 97 98 100 102 107 108 115 116 122 124
2 3 4 6 8 9 12 16 19 20 22 31 35 43 48 49 55 58 61 67 68 73 77 85 88 90 94 98 100 104 106 109 115 116 121 123
1 3 4 6 8 9 12 16 19 21 22 31 39 42 44 51 58 61 67 68 75 77 81 89 92 97 98 100 102 107 110 115 116 122 124
2 3 8 10 13 16 20 22 31 35 43 49 52 58 61 67 68 74 79 89 102 106 115 116 122 123
1 3 4 6 8 9 12 16 19 20 22 31 35 43 50 51 58 61 67 70 75 78 81 87 90 97 98 100 104 106 110 115 116 122 124
3 4 6 8 10 12 16 19 21 22 31 39 43 49 58 60 67 68 74 79 81 89 90 97 98 100 102 107 108 114 116 122 123
2 3 4 6 8 10 13 16 19 20 22 30 39 42 46 49 52 58 62 67 71 75 80 81 89 90 97 98 100 104 106 108 114 118 122 124
1 3 4 6 8 9 12 16 19 20 23 28 36 41 44 49 52 58 61 67 68 75 81 89 90 97 98 100 102 106 110 113 116 122 124
1 3 4 6 8 9 12 16 19 21 25 26 38 43 44 50 52 58 61 67 68 74 79 85 89 90 97 98 100 102 107 110 113 116 122 123
1 3 4 8 9 12 16 19 21 25 26 35 43 44 50 52 58 63 66 68 75 77 85 89 90 94 98 100 102 106 110 115 116 121 124
3 8 11 13 20 25 33 35 43 49 58 67 68 75 80 89 103 107 115 120 122 123
1 3 4 6 8 10 13 16 19 20 23 28 39 41 44 49 55 58 61 66 68 81 88 92 97 98 100 102 106 110 115 116 122 124
2 3 4 6 8 10 13 16 19 20 22 31 39 42 46 49 52 58 60 67 69 74 77 83 89 90 97 98 100 104 107 108 114 118 122 124
1 3 4 6 8 9 12 16 17 20 22 31 39 41 44 49 53 58 61 66 68 73 77 85 87 90 97 98 100 104 106 110 113 116 122 123
2 3 4 6 8 10 13 16 19 20 22 31 39 42 49 51 59 61 66 69 73 80 81 89 90 97 98 100 102 107 108 115 116 122 124
1 3 4 6 8 9 12 16 19 21 25 26 38 43 44 49 55 58 61 67 68 75 76 85 89 90 97 98 100 102 106 108 115 118 122 123
2 3 4 6 8 9 13 16 19 20 24 27 35 41 49 51 58 61 67 68 75 80 81 87 90 97 98 100 104 107 109 115 116 122 124
1 3 4 6 8 9 12 16 19 20 25 26 38 43 44 50 52 58 66 68 75 79 85 89 90 96 98 100 102 106 108 115 116 122 123
1 3 4 6 8 9 12 16 19 21 25 26 35 43 44 50 55 58 61 67 68 75 77 85 89 90 97 98 100 104 106 108 113 116 122 124
1 3 4 6 8 9 12 16 19 21 25 26 38 43 53 58 61 66 68 75 76 85 89 90 95 98 100 102 107 110 122 123
2 3 4 6 8 10 13 16 19 25 29 37 43 46 50 53 58 61 67 75 77 81 89 90 97 98 100 102 106 108 115 116 122 124
1 3 4 6 8 9 12 16 19 20 23 28 34 41 44 50 55 58 62 66 68 75 81 88 90 97 98 100 102 106 110 115 116 121 124
2 3 4 6 8 9 13 16 19 20 22 30 34 43 44 49 55 58 62 66 68 74 79 83 89 90 95 98 100 102 107 109 115 116 121 123
2 3 4 6 8 10 13 16 19 20 25 29 35 43 46 49 53 58 61 67 68 75 79 81 89 90 97 99 100 102 107 108 115 116 122 124
1 3 4 6 8 9 12 16 19 21 22 30 39 41 44 49 55 58 61 66 68 75 79 85 89 90 97 98 100 104 106 108 114 116 122 124
1 3 4 6 8 9 14 16 19 20 22 31 35 43 49 53 58 61 67 68 75 77 81 89 90 97 98 100 104 107 110 115 116 122 123
1 3 4 6 8 9 12 16 19 20 23 28 39 41 44 49 54 58 61 67 68 74 79 81 89 90 97 98 100 102 107 110 115 118 122 124
3 4 6 8 9 12 16 19 20 25 32 35 43 45 50 58 61 66 68 75 76 81 89 92 97 98 100 102 107 110 115 118 122 123
1 3 4 6 8 9 12 16 19 20 23 28 34 41 44 49 53 58 61 67 68 75 85 89 90 95 98 100 102 106 110 115 118 122 124
2 3 8 9 12 16 20 25 29 35 43 49 51 58 61 67 68 75 79 89 102 107 115 116 122 123
2 3 4 6 8 10 13 16 19 20 25 29 35 43 46 50 52 58 63 66 68 75 76 83 88 90 97 98 100 102 107 109 115 119 122 124
2 3 4 6 8 10 13 16 19 20 22 31 35 42 46 49 51 58 67 68 74 79 81 89 90 97 98 100 102 106 108 115 118 122 124
1 3 4 6 8 10 13 16 19 20 25 29 39 43 49 51 58 61 66 68 75 79 81 89 90 97 98 100 101 106 108 115 116 122 123
1 3 4 6 8 9 12 16 19 21 24 27 35 41 44 49 55 58 61 67 68 75 80 85 87 90 97 98 100 104 106 110 114 118 122 124
3 8 9 12 21 25 33 35 43 50 67 68 78 89 102 107 115 120 122 123
1 3 4 6 8 9 12 16 17 20 24 27 35 42 44 49 51 58 61 66 68 75 80 81 89 90 97 98 100 104 106 110 114 116 122 124
2 3 4 6 8 9 14 16 19 20 22 31 35 41 44 50 51 58 61 67 68 74 80 81 89 90 97 98 100 102 107 109 115 116 122 124
1 3 4 6 8 9 12 16 19 20 22 31 39 41 44 49 52 59 61 67 68 74 77 85 89 90 97 98 100 103 106 110 113 116 122 123
2 3 4 6 8 10 13 16 19 20 25 26 38 43 46 50 51 57 61 66 68 75 77 81 88 90 97 98 100 102 106 108 115 116 122 124
2 3 4 6 8 10 13 16 19 20 22 30 39 43 46 49 53 58 61 67 68 75 78 85 89 90 97 98 100 102 107 108 115 116 122 123
2 3 4 6 8 9 13 16 19 20 22 31 38 43 44 49 51 58 61 67 68 74 80 81 89 92 97 98 100 102 106 109 115 116 122 124
1 3 4 6 8 9 12 16 19 20 24 27 35 41 44 50 51 58 61 67 68 75 80 81 89 90 97 98 100 102 107 110 115 116 122 123
1 3 4 6 8 9 12 16 19 20 23 28 34 41 44 50 51 58 61 67 68 85 90 97 98 100 102 106 112 113 116 122 124
1 3 4 6 8 9 12 16 19 20 24 27 38 42 49 52 59 61 67 68 75 80 81 87 90 97 98 100 104 107 108 115 116 122 123
2 3 4 6 8 10 13 16 19 20 25 32 35 42 46 49 52 58 61 66 68 75 77 85 89 90 97 98 100 102 107 108 115 116 122 124
1 3 4 6 8 9 12 16 19 21 22 30 35 41 49 51 59 61 66 69 75 79 81 87 90 97 98 100 102 107 110 115 116 122 123
1 3 4 6 8 9 12 16 19 21 24 27 38 41 44 50 51 58 61 66 68 75 80 81 89 90 97 98 100 102 107 110 115 116 122 123
1 3 4 6 8 9 12 16 17 20 24 27 38 41 48 50 55 58 61 68 75 80 85 87 90 97 98 100 104 107 110 115 120 122 124
1 3 4 6 8 9 12 16 19 20 25 26 35 43 44 55 58 61 67 68 75 76 81 89 90 97 98 100 102 106 108 115 118 122 124
1 3 4 6 8 9 12 16 19 20 25 26 38 43 44 50 51 58 61 66 68 75 80 85 89 90 96 98 100 102 106 108 115 116 122 123
1 3 4 6 8 9 12 16 19 21 25 33 35 43 49 52 58 61 66 68 75 79 85 88 90 96 98 100 104 107 110 114 116 122 124
1 3 4 6 8 9 12 16 19 20 24 27 38 41 50 53 59 61 64 68 80 81 87 90 97 98 100 104 107 110 115 116 122 123
2 3 4 6 8 10 13 16 19 21 25 32 35 42 46 49 51 58 61 66 68 75 76 81 87 91 97 98 100 104 107 108 113 116 122 124
1 3 4 6 8 9 12 16 19 21 25 26 35 43 44 50 55 58 61 67 68 75 76 85 89 90 95 98 100 102 107 108 115 116 122 124
2 3 5 6 8 10 13 16 19 21 25 29 35 43 46 49 51 58 61 67 68 75 78 81 89 90 97 98 100 102 107 108 115 116 122 124
1 3 4 6 8 9 12 16 19 21 24 27 38 41 44 49 51 58 61 67 68 75 80 81 89 92 97 98 100 102 107 110 115 116 122 123
2 3 4 6 8 9 13 16 19 21 24 27 38 41 44 49 51 58 61 67 68 75 80 81 87 93 97 98 100 104 107 108 115 116 122 124
1 3 4 6 8 9 12 16 19 21 25 33 35 43 44 49 55 58 61 67 68 75 79 85 89 90 97 98 100 102 107 110 115 116 122 123
1 3 4 6 8 9 12 16 19 20 23 28 36 41 44 49 51 58 61 67 68 85 87 90 97 98 100 102 107 112 115 116 122 124
2 3 4 6 8 10 13 16 19 20 22 30 35 42 46 49 51 58 63 67 69 75 76 85 87 90 97 98 100 104 107 108 115 118 122 123
2 3 4 6 8 10 13 15 19 20 25 29 39 43 46 49 51 58 61 67 68 75 77 85 89 90 97 98 100 102 106 108 114 116 122 124
2 3 4 6 8 10 13 16 19 20 25 33 39 43 50 51 58 61 67 68 75 79 81 89 92 97 98 100 102 106 109 115 116 122 124
2 3 4 6 8 9 13 16 19 21 22 31 39 41 49 55 59 61 67 68 75 78 81 87 90 97 98 100 102 106 109 115 116 122 123
1 3 4 6 8 9 12 16 19 21 24 27 38 41 44 49 55 58 62 66 68 75 80 85 88 90 97 98 100 104 107 110 114 118 122 124
1 3 4 6 8 9 12 16 19 21 22 30 35 43 48 49 53 58 61 67 68 75 79 81 88 92 94 98 100 103 107 110 115 118 122 123
2 3 4 6 8 10 13 16 19 20 25 26 35 43 46 49 55 57 61 67 68 75 76 81 89 90 97 98 100 102 106 108 115 118 122 124
2 3 4 6 8 9 13 16 19 20 25 32 39 43 46 50 51 59 63 67 68 75 77 81 87 90 97 98 100 102 106 110 115 118 122 124
1 3 4 6 8 9 12 16 19 20 25 26 35 43 44 50 53 58 62 66 68 75 80 85 89 90 97 98 100 102 107 110 115 118 122 123
2 3 4 6 8 10 13 16 19 20 25 29 35 43 46 49 51 58 61 67 68 75 80 81 89 90 97 99 100 102 106 108 114 116 122 124
3 8 9 12 20 24 31 35 43 49 58 61 67 68 73 89 102 107 115 118 121 123
2 3 4 6 8 10 13 16 19 20 22 30 35 42 46 49 51 58 67 68 75 77 85 89 90 97 98 100 104 107 108 115 116 122 123
2 3 4 6 8 10 13 16 19 21 25 32 35 43 48 50 51 58 61 66 68 75 76 81 89 92 97 98 100 102 107 108 115 118 121 124
1 3 4 6 8 9 12 16 19 21 25 26 38 43 44 50 51 58 61 66 68 76 85 89 90 95 98 100 102 106 110 115 116 122 124
2 3 4 6 8 9 12 16 19 20 22 31 35 41 50 58 61 67 68 75 80 83 87 90 97 98 100 104 107 110 115 118 122 123
2 3 4 6 8 9 13 16 19 21 25 32 39 43 46 49 51 58 61 67 68 75 80 81 89 90 97 98 100 102 107 108 113 116 122 124
1 3 4 6 8 9 12 16 19 20 25 26 38 43 44 50 52 58 61 66 68 75 77 85 87 90 97 98 100 102 107 108 115 120 122 123
2 3 4 6 8 9 13 16 19 20 25 32 39 43 50 51 58 61 67 68 75 76 81 90 97 98 100 102 107 108 115 118 122 124
1 3 4 6 8 9 12 16 19 21 25 26 38 43 44 50 55 58 61 66 68 75 77 85 89 90 94 98 100 102 106 108 115 116 122 123
1 3 4 6 8 9 12 16 19 20 23 28 34 41 48 49 53 58 61 67 68 75 85 86 90 96 98 100 102 107 108 114 116 122 124
2 3 5 6 8 10 13 16 19 20 25 29 39 43 46 49 52 59 61 67 68 75 79 81 89 90 95 98 100 102 107 108 115 116 122 124
1 3 4 6 8 9 12 16 19 20 25 26 38 43 50 51 58 61 66 68 75 77 85 89 90 97 98 100 101 106 108 115 119 122 123
2 3 4 6 8 9 13 16 19 20 24 27 35 41 49 51 58 61 67 68 75 80 81 87 90 97 98 100 104 106 108 115 116 122 124
2 3 4 6 8 10 13 16 19 20 22 31 39 43 49 51 58 61 67 68 73 80 81 89 92 97 98 100 102 106 108 115 116 122 123
2 3 4 6 8 10 12 16 19 20 22 31 35 42 44 50 51 58 61 66 68 73 77 81 89 90 97 98 100 102 106 108 115 120 122 124
2 3 4 6 8 10 13 16 19 21 22 30 34 43 46 49 51 58 61 66 68 75 78 81 87 92 97 98 100 101 106 108 115 116 122 123
2 3 4 6 8 10 13 16 19 20 25 32 39 43 46 50 53 58 61 67 68 75 78 81 89 92 97 98 100 102 107 108 115 118 122 124
3 4 6 8 10 13 16 19 20 22 30 35 41 46 58 67 68 75 80 85 89 90 96 98 100 102 107 108 122 124
1 3 4 6 8 9 14 16 19 21 22 31 35 42 44 49 51 58 61 66 68 75 78 81 89 91 97 98 100 102 107 110 115 116 122 123
1 3 4 6 8 9 12 16 19 21 25 33 39 43 44 49 55 58 61 67 71 75 77 85 89 90 95 98 100 102 107 110 115 116 122 124
2 3 5 6 8 10 13 16 19 20 25 29 39 43 46 50 51 58 61 67 68 75 78 81 89 90 97 98 100 102 106 108 115 116 122 124
2 3 8 10 13 16 20 22 30 35 43 49 55 58 61 67 68 74 78 89 102 107 115 116 122 123
2 3 4 6 8 10 13 16 19 20 25 32 35 43 46 49 53 58 61 67 68 75 79 81 89 90 97 98 100 104 107 108 115 118 122 124
1 3 4 6 8 9 12 16 19 21 25 32 35 43 44 49 51 58 61 67 68 75 76 85 86 90 95 98 100 102 106 110 115 119 122 124
1 3 4 8 9 14 16 19 20 22 30 35 41 44 49 52 58 61 67 68 75 80 86 98 100 102 106 110 115 118 122 123
1 3 4 6 8 9 12 16 19 21 24 27 35 41 44 49 55 58 61 66 68 75 80 85 89 90 95 98 100 102 107 110 115 116 122 124
3 8 10 13 20 24 31 39 41 50 58 61 67 68 75 77 88 102 107 115 116 121 123
1 3 4 6 8 9 12 16 19 20 25 32 35 43 45 49 51 58 61 67 68 75 76 84 89 90 97 98 100 102 107 110 115 116 122 124
1 3 4 6 8 9 12 16 19 20 23 28 36 41 44 49 55 58 62 67 70 75 85 87 90 97 98 100 102 107 110 114 116 122 123
2 3 4 6 8 10 13 16 19 21 25 29 35 43 46 49 51 59 61 67 68 75 76 81 89 90 97 98 100 102 106 108 115 118 122 124
2 3 4 8 10 13 16 19 20 25 33 39 43 46 49 51 58 61 67 69 75 81 89 90 97 98 100 104 107 108 114 116 122 124
2 3 4 6 8 9 13 16 19 20 25 32 35 43 49 51 58 62 67 68 75 76 84 89 90 95 98 100 102 106 109 115 116 122 124
2 3 5 6 8 10 13 16 19 20 25 33 34 43 46 50 51 58 61 67 71 75 79 81 89 90 97 98 100 101 106 108 115 116 122 123
2 3 4 6 8 10 13 16 19 20 25 33 39 43 46 49 51 58 61 67 68 75 79 81 89 90 97 98 100 102 107 108 115 116 122 124
1 3 4 6 8 9 14 16 19 21 24 27 35 41 44 53 59 67 71 75 80 81 89 90 97 98 100 104 106 111 122 123
2 3 4 6 8 9 13 16 19 20 25 26 35 43 50 51 58 61 66 68 75 76 81 89 90 97 98 100 102 106 109 115 116 122 124
2 3 4 6 8 10 13 16 19 20 25 26 38 43 46 50 51 58 61 67 68 75 80 81 89 90 97 98 100 102 106 109 115 118 122 123
1 3 4 6 8 9 12 16 19 20 22 31 39 43 44 50 51 58 61 67 68 75 79 82 87 90 97 98 100 102 107 110 115 116 122 124
2 3 4 6 8 10 13 16 19 20 25 29 39 43 46 50 51 58 61 66 68 75 76 81 89 90 97 99 100 102 106 108 115 116 122 124
1 3 4 6 8 9 12 16 19 21 25 26 38 43 44 50 53 58 61 67 68 74 76 85 89 90 97 98 100 102 107 108 115 116 122 123
2 3 4 6 8 10 13 16 19 20 23 28 34 41 50 51 58 61 67 68 75 81 87 93 97 98 100 102 107 108 115 118 122 124
1 3 4 6 8 9 12 16 19 21 22 30 39 41 44 49 51 58 61 66 68 78 81 86 90 97 98 100 104 107 110 115 118 122 123
2 3 5 6 8 10 13 16 19 20 25 29 35 43 46 49 51 58 61 67 68 75 80 81 89 93 95 98 100 102 107 108 115 116 121 124
1 3 4 6 8 9 12 16 19 20 25 26 38 43 44 49 55 58 60 67 68 75 76 85 89 90 95 98 100 102 106 108 115 119 122 123
2 3 4 6 8 9 13 16 19 20 25 26 38 43 50 51 58 61 66 68 75 76 81 89 90 97 98 100 102 106 109 115 116 122 124
2 3 5 6 8 10 13 15 19 20 25 29 39 43 46 49 53 58 61 67 68 79 81 89 90 97 98 100 102 107 108 113 116 122 124
2 3 4 6 8 9 13 16 19 20 25 32 39 43 44 49 51 58 63 67 68 75 76 81 89 90 97 98 100 102 107 109 115 116 122 123
1 3 4 6 8 9 12 16 19 20 25 26 38 43 49 51 58 61 66 68 75 76 83 87 90 97 98 100 102 106 108 115 119 122 124
2 3 4 6 8 10 13 16 19 20 22 30 35 43 46 50 51 59 61 66 70 75 78 81 89 90 97 98 100 102 107 108 115 119 122 123
1 3 4 7 8 9 12 16 19 21 22 31 39 41 44 49 55 58 61 67 68 73 78 85 89 90 97 98 100 102 106 110 115 116 122 124
1 3 4 6 8 9 14 16 19 21 22 30 35 41 46 49 52 58 61 67 68 75 76 81 86 90 97 98 100 102 107 110 115 118 122 123
1 3 4 6 8 9 12 16 17 20 22 30 39 41 44 49 51 58 61 66 68 75 78 81 89 90 97 98 100 102 106 110 114 116 122 124
2 3 4 6 8 10 13 16 19 25 29 35 43 46 50 53 58 61 67 68 75 77 81 89 90 97 98 100 102 106 108 115 116 122 124
2 3 5 6 8 10 13 16 19 21 22 30 34 42 46 50 51 58 61 67 68 74 80 81 89 92 97 98 100 101 106 108 115 116 122 123
2 3 4 6 8 10 13 16 19 20 25 29 35 43 49 53 58 61 67 68 75 80 81 89 90 97 98 100 102 106 108 115 116 122 124
2 3 4 6 8 9 13 16 19 21 22 30 34 43 44 49 55 58 60 66 68 75 80 83 89 90 95 98 100 102 106 109 115 116 121 123
2 3 4 6 8 9 13 16 19 20 25 32 35 42 46 50 51 58 61 66 68 75 76 82 90 97 98 100 102 107 108 115 118 122 124
2 3 4 6 8 10 13 16 19 20 25 33 35 43 46 49 55 58 62 67 68 75 79 85 89 90 95 98 100 104 107 108 115 116 122 124
1 3 4 6 8 9 12 16 19 21 24 27 35 41 44 49 53 58 61 66 71 75 80 81 88 90 97 98 100 104 107 111 114 116 122 123
2 3 4 6 8 9 13 16 19 20 25 32 39 42 46 50 51 58 61 66 68 75 76 81 90 97 98 100 104 107 108 115 118 122 124
1 3 4 6 8 9 12 16 19 20 24 27 35 41 44 49 52 58 61 66 71 75 80 85 88 90 97 98 100 104 107 110 113 116 122 123
2 3 4 6 8 10 13 16 19 20 25 32 39 43 46 49 52 59 61 67 68 75 76 81 89 90 97 98 100 104 106 108 115 116 122 124
2 3 4 6 8 9 13 16 19 21 25 33 39 43 44 49 53 58 61 67 68 75 79 81 89 90 97 98 100 102 107 109 115 116 122 124
1 3 4 6 8 9 12 16 17 22 30 34 42 44 50 52 58 62 67 68 75 78 81 88 90 97 98 100 104 106 108 113 118 122 123
2 3 4 6 8 10 13 16 19 20 22 30 35 43 49 53 59 63 67 71 75 77 85 89 90 97 98 100 104 107 108 115 119 122 124
1 3 4 6 8 9 12 16 19 20 22 30 35 41 44 49 55 58 61 67 69 75 77 81 89 90 95 98 100 102 107 110 114 116 122 123
2 3 4 6 8 10 13 16 18 20 25 29 39 43 46 50 51 58 61 67 68 75 79 81 89 92 97 98 100 102 107 108 115 118 122 124
3 8 10 13 16 21 24 31 35 41 49 59 61 66 68 76 86 102 115 116 122 123
2 3 4 6 8 10 13 16 19 20 25 32 35 43 46 50 53 58 61 67 68 75 79 81 89 92 97 98 100 102 106 108 115 118 122 124
3 8 11 12 20 25 26 38 43 49 58 61 67 68 75 79 89 104 106 115 118 121 123
2 3 4 6 8 10 13 16 19 20 25 29 35 43 46 50 51 58 61 67 68 75 77 81 89 90 97 98 100 102 107 108 115 116 122 124
2 3 4 6 8 10 13 16 19 20 25 32 39 43 47 50 52 58 61 66 68 75 76 83 89 90 96 98 100 102 106 109 115 118 122 123
3 4 6 8 9 13 16 19 20 24 27 38 41 49 58 61 67 68 75 80 81 87 90 97 98 100 104 107 108 115 116 122 124
2 3 8 9 13 16 21 25 26 38 50 52 56 66 68 75 76 89 102 106 115 116 122 123
2 3 4 6 8 9 12 16 19 20 22 31 35 41 44 49 55 58 61 67 68 74 80 85 89 90 97 98 100 102 107 110 115 118 122 124
2 3 4 6 8 10 13 16 19 21 25 32 39 43 48 50 51 58 61 66 68 75 76 81 89 92 97 98 100 104 107 108 115 118 121 124
3 4 6 8 10 13 16 19 21 23 28 39 41 44 50 58 61 67 68 75 81 87 92 97 98 100 102 107 110 115 116 122 123
2 3 4 6 8 9 13 16 19 20 22 31 39 43 44 49 55 58 61 67 68 75 78 85 89 90 97 98 100 102 106 108 115 116 122 124
3 8 11 13 20 24 30 34 43 49 61 67 68 74 80 89 101 106 115 119 122 123
1 3 4 6 8 9 12 16 19 21 25 33 35 43 44 49 55 58 61 67 68 75 76 85 89 90 96 98 100 102 107 110 115 116 122 124
1 3 4 6 8 9 12 16 19 21 25 26 38 43 44 49 55 58 61 67 68 75 79 85 89 90 94 98 100 104 107 110 115 116 122 123
2 3 6 8 9 13 16 19 20 25 33 39 43 47 49 52 58 61 66 68 75 80 85 89 90 94 98 100 102 107 109 115 116 122 124
2 3 4 6 8 9 13 16 19 20 25 32 35 43 44 50 55 58 61 67 68 75 77 81 87 90 97 98 100 102 107 108 115 116 122 124
1 3 4 6 8 10 13 16 19 21 23 28 39 41 44 49 55 58 61 67 71 75 81 89 90 97 98 100 110 115 118 122 123
1 3 4 6 8 9 12 16 19 21 25 26 35 43 44 50 52 58 61 67 68 75 76 85 89 90 97 98 100 102 107 108 115 116 122 124
3 8 11 14 16 20 24 31 35 41 49 58 61 66 68 75 78 88 104 107 115 118 122 123
1 3 4 6 8 9 12 16 19 21 24 27 38 41 48 49 52 58 61 66 68 75 80 85 87 90 95 98 100 104 106 108 114 118 122 124
1 3 4 6 8 9 12 16 19 20 22 31 39 42 44 49 51 58 61 65 68 74 80 81 89 92 97 98 100 102 106 110 115 116 122 124
2 3 4 6 8 9 13 16 19 20 22 30 35 41 49 51 59 61 66 68 75 76 81 86 90 97 98 100 102 107 109 115 116 122 123
2 3 4 6 8 10 13 16 19 21 25 26 35 43 46 49 52 59 63 66 68 75 76 85 89 90 94 98 100 102 106 108 114 118 122 124
1 3 4 6 8 9 12 16 17 20 24 27 38 41 44 49 53 58 62 65 68 75 80 81 89 90 97 98 100 104 107 110 115 116 122 123
2 3 4 6 8 10 13 16 19 20 25 26 35 43 49 51 58 61 67 68 75 77 85 89 90 97 98 100 102 106 109 114 118 122 124
3 8 11 13 25 32 35 43 49 61 67 68 75 80 89 104 107 115 118 122 123
2 3 4 6 8 9 13 16 19 20 22 31 39 43 49 51 58 61 67 68 73 81 89 90 97 98 100 102 107 109 115 116 122 124
2 3 4 6 8 10 13 16 19 20 25 29 39 43 49 51 58 63 66 68 75 79 81 89 90 97 98 100 102 106 108 114 116 122 124
2 3 4 6 8 10 13 16 19 20 22 30 35 43 46 49 51 58 61 67 68 75 81 89 90 97 98 100 102 106 108 115 116 122 123
2 3 4 6 8 10 13 16 19 21 23 28 34 41 46 50 51 58 61 67 68 81 88 90 97 98 100 102 107 108 115 116 122 124
2 3 4 6 8 9 12 16 19 20 22 30 35 43 48 50 52 58 61 66 68 75 78 85 89 90 96 98 100 102 106 109 115 120 122 123
2 3 4 6 8 9 13 16 19 21 25 33 35 43 44 49 52 58 61 67 68 75 79 81 89 90 97 98 100 102 107 109 115 116 122 124
3 8 11 12 20 25 26 38 43 50 58 61 67 68 75 80 89 102 107 115 118 123
3 4 6 8 10 13 16 19 20 22 30 35 43 46 58 67 68 75 79 81 89 91 97 98 100 104 107 108 123
2 3 4 6 8 10 13 16 19 20 25 26 38 43 46 49 53 59 61 66 68 75 77 85 89 90 97 98 100 102 106 108 114 118 122 124
2 3 4 6 8 10 13 16 19 20 25 33 39 43 44 49 51 58 61 66 69 75 81 89 90 97 98 100 104 107 108 114 119 122 124
3 8 10 13 20 24 30 35 41 50 58 61 67 68 75 80 89 103 107 115 116 121 123
2 3 4 6 8 10 13 16 19 20 22 31 35 42 46 50 54 58 61 66 68 80 85 89 90 97 98 100 102 106 108 115 116 122 124
2 3 4 6 8 10 13 16 19 20 25 29 39 43 46 49 52 58 61 67 68 75 79 84 89 90 97 98 100 102 107 108 115 116 122 124
3 8 11 14 20 24 30 35 41 50 58 61 67 68 75 77 87 102 107 115 118 121 123
1 3 4 6 8 9 12 16 19 21 24 27 38 41 44 50 55 58 61 66 68 75 80 85 89 90 97 98 100 102 107 110 115 116 122 124
2 3 4 6 8 9 13 16 19 21 22 31 39 43 44 49 51 58 61 67 68 73 77 81 86 90 97 98 100 104 107 109 115 116 122 123
1 3 4 6 8 10 13 16 19 20 23 28 40 41 44 50 55 58 63 67 68 75 81 86 92 97 98 100 102 107 110 115 116 122 124
2 3 8 10 13 16 20 25 26 35 43 49 51 58 61 67 68 75 76 89 102 107 115 116 122 123
2 3 5 6 8 10 13 16 19 20 25 29 35 43 44 49 53 58 61 67 68 75 79 81 89 90 97 98 100 102 107 108 113 116 122 124
1 3 4 6 8 9 12 16 19 20 25 26 35 43 44 50 53 58 61 67 68 75 76 85 88 90 96 98 100 102 107 110 115 116 122 124
1 3 4 6 8 9 12 16 19 20 22 31 35 41 49 58 61 66 68 73 80 81 89 90 97 98 100 102 107 110 115 116 122 123
1 3 4 6 8 9 12 16 19 20 22 30 35 41 44 50 55 58 61 67 68 75 80 85 89 90 94 98 100 104 107 110 115 118 122 124
1 3 4 6 8 9 12 16 19 20 25 32 35 43 45 49 51 58 61 67 68 75 79 83 89 90 97 99 100 102 107 110 115 116 122 123
1 3 4 6 8 9 12 16 19 20 25 26 38 43 44 49 53 58 61 67 68 75 77 81 89 90 97 98 100 104 106 110 114 116 122 124
3 8 10 13 20 22 27 38 42 49 58 61 66 68 75 80 86 102 107 115 120 122 123
2 3 4 6 8 10 13 16 19 20 25 32 35 43 46 50 51 58 62 67 68 75 76 81 89 90 97 98 100 102 106 108 115 116 122 124
3 8 11 14 16 20 24 31 35 41 49 58 61 67 68 75 79 89 102 107 115 118 122 123
1 3 4 6 8 9 12 16 17 20 23 28 34 41 44 50 55 58 63 66 68 75 81 87 90 97 98 100 102 106 110 115 116 122 124
3 8 10 13 16 20 24 31 35 41 50 58 61 67 68 73 77 89 102 107 113 120 121 123
2 3 4 6 8 10 13 16 19 20 25 29 39 43 46 50 51 58 61 67 68 75 79 85 89 90 97 98 100 102 107 108 115 116 122 124
1 3 4 6 8 9 12 16 19 20 22 30 39 41 44 49 55 58 61 67 68 75 79 85 89 90 97 98 100 104 107 110 115 118 122 124
1 3 4 6 8 9 14 16 19 21 23 28 37 41 44 49 53 58 63 67 69 75 81 87 90 97 98 100 102 107 110 114 116 122 123
2 3 4 6 8 9 13 16 19 20 22 31 39 43 44 49 51 58 61 67 68 73 80 81 89 90 97 98 100 103 107 109 115 116 122 124
1 3 4 6 8 9 12 16 19 20 25 26 35 43 44 50 54 58 61 67 68 75 79 85 86 90 97 98 100 104 106 108 115 116 122 123
2 3 4 6 8 9 12 16 19 21 22 31 39 43 44 50 52 58 61 67 68 75 79 85 89 90 95 98 100 102 106 109 115 120 122 123
1 3 4 6 8 9 12 16 19 20 25 26 35 43 50 52 58 67 68 75 76 85 89 90 96 98 100 102 106 108 115 116 122 124
2 3 4 6 8 10 13 16 19 20 23 28 40 41 44 49 51 58 61 66 68 75 81 89 90 97 98 100 102 107 110 113 116 122 124
1 3 4 6 8 9 12 16 19 20 23 28 34 41 44 49 53 59 61 67 68 75 85 87 90 95 98 100 102 107 108 115 116 122 123
2 3 4 6 8 10 13 16 19 20 22 30 35 43 46 49 52 58 61 67 68 75 78 81 89 90 97 98 100 102 107 108 114 116 122 124
1 3 4 6 8 9 12 16 19 21 25 26 38 43 44 50 55 58 61 67 68 75 77 85 89 90 94 98 100 102 106 108 115 116 122 123
1 3 4 6 8 9 12 16 19 20 22 31 35 41 44 49 55 58 62 67 68 74 76 85 87 90 95 98 100 104 107 108 114 116 122 124
2 3 4 6 8 10 13 16 19 21 25 29 35 43 46 49 59 61 67 68 75 79 81 89 90 96 98 100 102 106 108 115 116 122 123
1 3 4 6 8 10 13 16 19 20 23 28 40 41 44 50 55 58 61 67 68 81 88 92 97 98 100 102 107 110 114 118 122 124
2 3 4 6 8 10 13 16 19 20 25 33 40 43 46 49 55 58 66 68 75 79 85 89 90 97 98 100 102 107 108 115 116 122 124
2 3 4 6 8 9 13 16 19 20 22 31 39 43 49 53 58 62 66 68 75 76 84 89 90 95 98 100 102 106 109 115 116 122 123
3 4 6 8 10 13 16 19 20 22 30 39 41 46 58 67 68 79 85 89 90 95 98 100 104 107 108 122 124
1 3 4 6 8 9 12 16 19 20 22 31 39 43 44 50 55 58 60 67 68 75 79 85 89 90 97 98 100 104 106 110 115 116 122 123
2 3 5 6 8 10 13 16 19 21 25 29 35 43 49 51 59 61 67 68 75 79 81 89 90 97 98 100 102 106 108 115 118 122 124
1 3 4 6 8 9 12 16 19 20 22 31 39 41 44 49 55 58 61 67 68 74 79 85 87 90 97 98 100 104 106 108 114 116 122 124
2 3 4 6 8 9 13 16 19 20 22 30 39 43 47 50 51 59 63 67 69 75 79 81 87 90 96 98 100 102 107 109 115 118 122 123
1 3 4 6 8 9 12 16 19 21 24 27 38 41 44 50 55 59 61 66 68 75 80 81 89 90 97 98 100 104 107 108 115 116 122 124
1 3 8 9 13 16 20 25 26 38 50 51 58 61 66 68 75 80 88 102 107 115 116 122 123
2 3 4 6 8 10 13 16 19 20 22 30 39 42 46 49 51 58 61 67 68 75 80 82 90 96 98 100 104 106 108 115 116 121 124
2 3 4 6 8 10 13 16 19 20 22 30 39 43 46 49 51 58 61 67 68 75 81 89 92 97 98 100 104 107 108 115 116 122 123
2 3 4 6 8 10 13 16 19 20 23 28 34 41 44 50 51 58 61 67 68 75 81 87 91 97 98 100 102 107 108 115 118 122 124
3 8 11 12 16 20 25 26 38 42 50 58 61 67 68 79 89 115 116 122 123
1 3 4 6 8 9 12 16 19 20 22 31 39 41 44 49 54 58 61 67 68 73 79 81 87 90 97 98 100 102 107 110 115 118 122 124
2 3 5 6 8 10 13 16 19 20 22 31 35 41 49 51 57 67 68 75 79 81 89 90 97 98 100 104 107 108 115 116 122 123
2 3 4 6 8 9 13 16 19 21 25 32 35 43 46 50 51 59 61 66 68 75 78 81 87 90 97 98 100 102 107 110 115 118 122 124
3 8 11 12 16 24 31 35 41 50 58 62 67 68 74 78 87 102 115 116 122 123
2 3 4 6 8 9 13 16 19 20 25 33 39 43 47 49 52 59 62 67 68 75 79 81 89 90 97 98 100 102 106 109 115 118 122 124
1 3 4 6 8 9 14 16 19 21 24 27 35 41 44 50 55 58 61 67 68 75 80 81 88 92 97 98 100 104 106 111 115 116 122 124
2 3 4 6 8 10 13 16 19 21 25 33 35 43 46 50 51 58 67 68 75 79 81 89 90 97 98 100 102 106 108 115 118 122 123
1 3 4 6 8 9 12 16 19 20 25 26 38 43 49 51 58 61 67 68 75 76 85 87 90 97 98 100 102 106 110 115 118 122 124
3 8 10 13 20 24 31 35 41 50 58 61 67 68 73 77 87 102 106 115 118 122 123
3 8 11 12 20 25 32 35 43 50 58 61 67 68 75 77 89 104 107 115 118 121 123
1 3 4 6 8 9 12 16 19 20 23 28 37 41 48 49 53 58 61 67 69 75 85 86 90 97 98 100 102 106 108 114 116 122 124
2 3 4 6 8 10 13 16 19 21 22 30 35 43 46 49 51 58 61 67 68 75 77 81 89 90 97 98 100 102 107 108 115 116 122 123
2 3 4 6 8 10 13 16 19 20 25 29 39 43 49 52 58 61 67 68 75 79 85 89 90 97 98 100 102 107 108 115 116 122 124
1 3 4 6 8 9 12 16 17 20 22 30 39 41 44 50 54 58 63 67 68 75 76 85 86 90 96 98 100 102 107 111 115 116 122 123
2 3 5 6 8 10 13 16 19 20 22 31 34 42 46 49 51 58 61 67 68 73 78 81 89 92 97 98 100 102 106 108 115 116 122 124
2 3 4 6 8 10 13 16 19 20 22 30 35 43 46 50 53 58 61 66 68 75 78 81 87 93 97 98 100 102 107 108 115 118 122 123
2 3 4 6 8 10 13 16 19 20 25 32 35 43 46 49 52 58 61 67 68 75 77 81 89 90 97 98 100 102 107 108 113 116 122 124
1 3 4 6 8 9 12 16 19 20 24 27 35 41 44 49 51 58 61 67 68 80 85 87 90 97 98 100 104 106 110 114 116 122 124
2 3 4 6 8 10 13 16 19 20 22 30 35 42 46 49 52 57 67 68 75 79 81 88 90 96 98 100 102 107 108 115 116 122 123
2 3 4 6 8 9 13 16 19 20 22 31 39 43 49 55 58 61 67 68 75 77 81 89 90 97 98 100 102 107 108 115 116 122 124
3 8 9 12 24 31 35 43 50 61 67 68 74 79 89 104 106 115 119 122 123
1 3 4 6 8 9 12 16 19 21 24 27 35 41 44 49 55 59 62 66 68 73 80 85 89 90 97 98 100 104 107 108 114 118 122 124
2 3 6 8 9 13 16 19 20 25 33 35 43 47 49 52 58 61 67 68 75 80 81 89 92 97 98 100 102 107 109 115 116 122 124
1 3 4 6 8 9 12 16 19 20 22 30 35 41 49 55 58 61 66 68 75 79 81 87 93 94 98 100 102 107 110 115 116 122 123
2 3 4 6 8 10 13 16 19 20 25 29 35 43 46 50 51 58 61 67 68 75 79 81 89 90 97 98 100 102 107 108 115 116 122 124
2 3 4 6 8 10 13 16 19 21 25 29 35 43 46 49 51 59 67 68 75 80 81 89 92 97 98 100 102 106 108 115 119 122 123
2 3 4 6 8 10 13 16 19 20 25 32 39 42 46 49 52 58 61 66 68 76 82 90 97 98 100 108 115 116 122 124
3 4 6 8 9 12 16 19 20 25 32 35 43 45 49 58 61 66 68 75 79 81 89 92 97 98 100 110 115 118 122 123
2 3 4 6 8 10 13 16 19 20 25 33 35 43 46 52 58 61 67 68 75 79 81 89 92 97 98 100 102 107 108 115 118 122 124
1 3 4 6 8 9 12 16 19 20 25 32 35 43 44 50 52 58 61 67 68 75 76 85 86 90 97 98 100 102 107 111 115 116 122 123
2 3 4 6 8 10 13 16 19 20 25 29 39 43 46 49 53 58 61 67 68 75 79 81 89 90 97 99 100 102 107 108 115 116 122 124
1 3 4 6 8 9 12 16 19 20 22 31 35 41 46 49 55 59 61 66 68 73 81 92 97 98 100 102 107 108 115 118 122 123
2 3 4 6 8 10 13 16 19 20 25 32 35 43 46 49 52 59 61 67 68 75 76 81 89 90 97 98 100 104 107 108 115 116 122 124
1 3 4 6 8 9 12 16 19 21 24 27 38 41 50 51 59 61 67 68 75 80 81 89 90 97 98 100 104 107 108 115 116 122 123
2 3 4 6 8 9 13 16 19 20 24 27 38 41 50 51 58 61 67 68 75 80 82 87 90 97 98 100 104 107 109 115 118 122 124
2 3 4 6 8 10 13 16 19 21 22 30 35 43 46 49 51 58 61 67 68 75 76 81 89 93 94 98 100 102 107 108 115 118 122 123
2 3 4 6 8 10 13 16 18 21 25 29 35 43 46 50 53 58 61 67 68 75 79 81 89 90 97 98 100 102 107 108 115 118 122 124
2 3 4 6 8 10 13 16 19 20 22 30 35 43 46 49 51 58 61 66 70 75 77 81 89 93 95 98 100 102 107 108 115 116 122 123
1 3 4 6 8 9 12 16 19 20 24 27 35 42 49 52 58 61 67 68 75 81 87 90 97 98 100 104 107 108 115 116 122 124
3 8 10 13 20 22 27 38 41 50 58 61 67 68 75 80 87 102 107 115 118 121 123
1 3 4 6 8 9 12 16 19 21 22 31 35 41 44 49 55 58 61 66 68 73 80 85 89 90 97 98 100 104 107 110 115 116 122 124
3 8 11 12 25 29 35 43 50 58 67 68 75 79 89 102 107 115 116 122 123
2 3 4 6 8 10 13 16 19 23 28 34 41 47 50 52 59 67 68 81 90 97 98 100 102 107 109 115 116 122 124
2 3 4 6 8 9 12 16 19 20 22 31 35 43 48 50 55 58 61 67 68 73 80 85 89 90 97 98 100 104 106 109 115 116 121 123
2 3 4 6 8 10 13 16 19 20 22 31 35 42 50 51 58 61 67 68 75 79 81 89 90 97 98 100 102 107 108 115 119 122 123
1 3 4 6 8 9 12 16 19 20 24 27 38 41 44 49 53 58 61 67 68 75 80 81 87 90 97 98 100 104 107 110 115 118 122 124
2 3 4 6 8 9 13 16 19 20 22 31 35 43 44 49 51 58 61 67 68 74 80 81 89 92 97 98 100 106 109 115 116 122 124
3 8 11 12 25 33 35 43 49 58 61 67 68 75 80 89 102 107 115 118 122 123
2 3 4 6 8 9 13 16 19 21 22 31 35 43 49 51 58 61 67 68 73 77 83 89 90 97 98 100 104 107 109 115 116 122 124
1 3 4 6 8 9 14 16 19 21 22 31 35 41 50 53 58 61 67 68 75 78 81 89 90 97 98 100 102 107 110 115 116 122 123
1 3 4 6 8 9 12 16 19 20 23 28 34 41 49 52 58 61 67 68 75 85 87 90 95 98 100 102 106 108 114 116 122 124
2 3 4 6 8 10 13 16 19 20 25 26 35 43 46 50 51 57 61 66 68 75 77 81 88 90 97 98 100 102 106 108 115 116 122 124
1 3 4 6 8 9 12 16 19 20 25 26 38 43 44 50 53 58 61 66 68 75 77 85 89 90 97 98 100 102 106 108 115 116 122 123
1 3 4 6 8 10 12 16 19 21 22 30 35 43 46 49 55 58 61 67 68 75 80 81 89 90 97 98 100 102 107 108 114 116 122 124
1 3 4 6 8 9 14 16 19 20 22 30 35 41 44 49 51 59 61 67 68 75 79 81 87 92 97 98 100 102 107 110 115 118 122 123
3 8 11 12 20 24 30 34 43 49 58 61 66 68 75 77 89 102 107 115 118 122 123
2 3 4 6 8 9 13 16 19 20 25 32 39 43 44 50 54 58 61 67 68 75 76 82 87 90 97 98 100 102 106 108 115 116 122 124
2 3 4 6 8 9 13 16 19 21 25 32 35 43 46 49 51 58 61 67 68 75 79 81 89 91 97 98 100 102 107 108 113 116 122 124
1 3 4 6 8 9 12 16 19 21 22 31 39 41 44 49 52 59 61 67 68 75 80 81 89 90 97 98 100 102 107 108 115 118 122 123
1 3 4 6 8 9 12 16 19 21 24 27 38 41 46 49 54 58 61 66 68 75 80 82 88 90 96 98 100 104 106 110 115 116 122 124
1 3 4 6 8 9 12 16 19 20 23 28 34 41 44 49 53 58 61 66 68 75 85 89 90 95 98 100 104 106 110 113 116 122 123
1 3 4 6 8 9 12 16 19 20 22 30 35 41 44 49 51 58 61 67 68 75 78 81 89 90 97 98 100 104 107 110 115 120 122 124
2 3 4 6 8 10 13 16 19 20 22 30 39 43 46 49 52 58 61 67 68 75 79 81 89 90 97 98 100 102 107 108 114 116 122 124
3 4 6 8 10 12 16 19 21 22 31 39 43 44 49 58 61 67 70 73 77 81 89 90 97 98 100 102 106 108 114 116 122 124
1 3 4 6 8 9 12 16 19 20 22 31 35 41 50 55 58 61 67 68 75 78 83 89 90 97 98 100 102 107 110 115 116 122 123
1 3 4 6 8 9 12 16 19 21 24 27 35 41 44 49 55 58 61 67 71 75 80 85 88 90 97 98 100 104 106 110 114 118 122 124
1 3 4 6 8 9 12 16 19 20 22 31 35 41 44 49 55 58 61 67 68 75 79 85 89 90 97 98 100 104 106 110 113 116 122 123
1 3 4 6 8 9 12 16 19 20 25 32 39 43 45 49 51 58 61 67 68 75 76 85 89 90 97 98 100 102 107 110 115 116 122 124
2 3 4 6 8 10 13 16 19 20 22 31 35 42 46 49 51 58 61 67 68 73 78 81 89 90 97 98 100 104 106 108 115 118 122 123
2 3 4 6 8 9 13 16 19 20 22 31 39 41 50 52 59 61 66 68 74 77 85 89 90 97 98 100 104 106 108 115 116 122 124
2 3 4 6 8 10 13 16 19 21 22 30 39 43 46 49 51 59 61 67 70 75 79 81 89 90 97 98 100 102 107 108 115 116 122 124
1 3 4 6 8 9 12 16 19 20 25 26 38 43 44 50 51 58 61 66 68 75 77 81 87 90 97 98 100 102 107 110 115 116 122 123
1 3 4 6 8 9 12 16 19 20 24 27 35 41 49 55 58 61 67 68 75 80 85 87 90 97 98 100 104 107 110 115 118 122 124
1 3 4 6 8 9 12 16 19 20 25 26 38 43 44 50 53 58 61 67 68 75 79 85 88 90 97 98 100 104 107 110 115 118 122 123
2 3 4 6 8 9 13 16 19 20 25 33 35 43 47 49 52 59 63 67 68 75 79 81 89 90 97 98 100 102 107 109 115 118 122 124
2 3 4 6 8 10 13 16 19 20 25 29 39 43 46 49 53 58 61 67 68 80 81 89 90 97 98 100 102 106 108 115 116 122 124
2 3 4 6 8 9 12 16 19 20 22 31 39 43 47 50 51 58 61 67 68 74 80 81 89 90 97 98 100 102 107 109 115 116 122 124
1 3 4 6 8 9 12 16 19 21 24 27 38 41 44 49 51 58 61 66 69 75 80 81 87 92 97 98 100 104 106 110 115 116 122 123
2 3 4 6 8 10 13 16 19 20 25 29 35 43 49 51 58 60 66 68 75 79 81 89 90 97 98 100 102 106 108 114 118 122 124
2 3 4 6 8 10 13 16 19 20 22 30 35 43 46 49 53 58 61 67 69 75 80 81 89 93 95 98 100 103 107 108 115 116 122 123
1 3 4 6 8 9 12 16 19 20 23 28 34 41 44 49 54 58 61 67 68 75 85 88 90 97 98 100 102 107 110 115 118 122 124
2 3 4 6 8 10 13 16 19 21 25 32 39 43 46 50 51 58 61 67 68 75 79 85 89 90 96 98 100 102 107 108 115 119 122 124
3 8 11 12 20 24 30 35 42 49 56 61 67 68 74 78 89 102 107 115 118 122 123
2 3 4 6 8 10 13 16 19 20 25 26 38 43 50 52 58 61 67 68 75 77 85 89 90 97 98 100 102 106 108 115 116 122 124
1 3 4 6 8 9 12 16 19 21 24 27 38 41 50 52 59 61 67 68 75 80 81 87 90 97 98 100 104 107 110 115 116 122 123
2 3 4 6 8 10 13 16 19 20 22 31 35 42 46 49 51 58 67 70 75 77 81 89 92 97 98 100 103 106 108 115 118 122 124
2 3 4 6 8 10 13 16 19 20 22 31 39 43 49 51 58 62 66 68 75 81 89 92 97 98 100 102 107 108 115 116 122 123
2 3 4 6 8 10 13 16 19 20 25 29 35 43 46 50 51 58 61 67 68 75 79 83 89 90 97 98 100 102 107 108 115 116 122 124
2 3 4 6 8 10 13 16 19 20 22 30 39 41 46 49 51 58 61 67 68 75 78 81 89 90 97 98 100 102 107 108 113 116 122 124
2 3 4 6 8 9 13 16 19 20 25 29 39 43 46 49 51 59 61 67 68 75 79 81 89 90 97 98 100 102 106 108 115 118 122 123
3 8 11 12 25 32 39 43 49 58 67 68 75 77 89 102 107 115 120 122 123
2 3 4 6 8 10 13 16 19 20 22 31 35 42 49 51 59 61 66 68 74 78 81 89 90 97 98 100 102 106 108 115 116 122 124
3 8 11 12 16 20 25 26 35 43 49 59 61 67 68 75 80 89 102 107 115 118 122 123
1 3 4 6 8 9 12 16 19 21 24 27 35 41 44 49 52 58 61 66 68 75 80 81 89 90 97 98 100 104 106 110 115 120 122 124
2 3 4 6 8 10 13 16 19 20 25 32 39 43 46 49 53 58 61 67 68 75 79 81 89 90 97 98 100 102 107 108 115 118 122 124
1 3 4 6 8 9 12 16 19 20 23 28 34 41 44 49 53 59 62 66 68 85 89 90 95 98 100 102 107 110 115 118 122 123
2 3 4 6 8 10 13 16 19 20 22 31 35 43 46 49 51 59 61 67 68 75 79 81 89 90 97 98 100 102 107 108 115 118 122 124
1 3 4 6 8 9 12 16 17 20 22 31 39 43 44 49 52 58 61 67 68 73 80 85 89 90 96 98 100 102 106 110 113 116 122 123
2 3 4 6 8 10 13 16 19 20 25 29 39 43 46 49 52 58 61 67 68 75 76 81 89 90 97 98 100 102 106 108 114 119 122 124
2 3 5 6 8 10 13 16 19 22 31 35 43 49 51 58 67 68 73 77 81 89 90 97 98 100 102 107 108 115 116 122 123
2 3 4 6 8 10 13 16 19 20 25 32 39 43 46 50 51 58 61 67 68 75 77 81 89 90 97 98 100 102 107 108 115 116 122 124
2 3 4 6 8 10 13 16 19 25 32 35 42 46 49 51 58 61 67 68 75 77 81 89 90 97 98 100 102 106 108 114 116 122 124
2 3 4 6 8 9 12 16 19 21 24 27 35 41 44 49 55 59 63 66 71 75 80 81 86 90 96 98 100 102 107 110 114 116 122 123
2 3 4 6 8 9 13 16 19 20 25 32 39 43 47 50 53 58 61 67 68 75 79 83 89 90 96 98 100 102 107 109 115 118 122 124
1 3 4 6 8 9 12 16 19 20 25 26 35 43 49 51 58 61 67 68 75 80 85 89 90 97 98 100 102 106 108 115 116 122 123
2 3 4 6 8 10 13 16 19 20 22 30 39 43 50 53 59 63 66 70 75 77 85 89 90 97 98 100 104 106 108 115 119 122 124
1 3 4 6 8 9 12 16 19 21 24 27 38 41 44 49 53 58 61 66 68 75 80 81 89 90 97 98 100 102 107 110 113 116 122 123
2 3 4 6 8 10 13 16 19 20 25 33 35 43 50 51 58 61 67 68 75 80 81 89 92 97 98 100 102 107 109 115 116 122 124
2 3 4 6 8 10 13 16 19 20 22 30 35 43 44 49 51 57 61 67 69 75 77 81 89 90 97 98 100 102 107 108 113 116 122 124
1 3 4 6 8 9 12 16 19 20 25 26 38 43 44 49 54 58 61 67 68 75 78 81 87 90 97 98 100 102 107 108 115 116 122 123
1 3 4 6 8 9 12 16 19 20 25 26 35 43 44 50 52 58 61 66 68 75 76 85 89 90 97 98 100 102 106 110 115 116 122 124
2 3 4 6 8 10 13 16 19 20 25 33 39 43 46 49 53 58 61 67 68 75 80 81 89 92 97 98 100 102 107 108 115 118 122 124
1 3 4 6 8 9 12 16 19 21 22 31 39 41 49 53 58 61 67 68 74 78 81 87 90 97 98 100 102 107 108 115 118 122 123
2 3 4 6 8 10 13 16 19 21 23 28 36 41 46 50 51 58 61 66 68 81 88 92 97 98 100 102 106 108 115 116 122 124
2 3 4 6 8 10 13 16 19 20 25 33 39 43 46 49 51 58 61 67 68 75 79 81 89 92 97 98 100 102 106 108 115 116 122 124
3 8 11 12 16 20 24 31 35 41 50 58 61 67 68 74 77 87 102 107 115 116 122 123
1 3 4 6 8 9 12 16 19 21 25 26 38 43 44 50 55 58 61 67 68 75 77 85 89 90 97 98 100 102 106 108 113 116 122 124
2 3 4 6 8 10 13 16 19 25 32 39 42 46 49 51 58 63 67 68 75 77 81 89 90 97 98 100 102 106 108 114 116 122 124
2 3 4 6 8 10 13 16 19 21 22 31 35 43 49 51 58 61 67 68 74 80 81 89 90 97 98 100 102 107 108 114 116 122 123
2 3 4 6 8 9 13 16 19 20 22 31 39 41 44 50 51 58 61 67 68 74 80 81 89 90 97 98 100 102 107 109 115 116 122 124
2 3 4 6 8 10 13 16 19 20 22 30 34 42 46 49 51 59 62 67 68 75 80 81 89 93 96 98 100 102 107 108 115 116 121 123
2 3 4 6 8 10 13 16 19 20 25 29 35 43 46 49 51 58 61 67 68 75 76 81 89 90 97 98 100 102 106 108 114 116 122 124
1 3 4 6 8 9 12 16 17 21 22 31 35 41 44 50 55 58 61 67 68 75 77 85 87 90 97 98 100 104 107 110 115 116 122 123
2 3 4 6 8 10 12 16 19 20 22 31 39 42 44 50 51 58 61 66 68 73 78 81 89 90 97 98 100 102 106 108 115 120 122 124
2 3 4 6 8 9 13 16 19 20 22 30 39 43 44 50 51 58 61 67 69 75 79 85 89 90 96 98 100 104 106 109 115 118 122 124
1 3 4 6 8 9 12 16 19 21 25 32 39 43 45 51 58 62 66 68 75 76 81 89 90 97 98 100 104 107 110 115 116 122 123
1 3 4 6 8 9 12 16 19 20 24 27 35 41 44 49 55 58 61 66 68 75 80 81 89 90 97 98 100 104 106 110 113 116 122 124
2 3 8 10 13 16 20 22 31 34 42 49 51 58 61 67 68 75 80 89 102 107 115 116 122 123
1 3 4 6 8 9 12 16 19 21 24 27 38 41 44 49 55 58 61 66 68 75 80 85 87 90 97 98 100 104 107 110 114 119 122 124
2 3 4 6 8 10 13 16 19 21 25 33 35 43 46 49 51 58 61 67 68 75 80 81 89 90 97 98 100 102 107 108 115 118 122 123
2 3 4 6 8 9 13 16 19 20 22 31 35 43 44 49 55 58 61 67 68 74 78 85 89 90 97 98 100 104 106 108 115 116 122 124
1 3 4 6 8 9 12 16 17 20 23 28 36 41 44 50 53 58 61 66 68 75 81 87 90 97 98 100 102 106 110 115 116 122 124
2 3 8 10 13 16 20 25 29 39 43 49 51 58 61 67 68 75 80 89 102 107 115 116 122 123
2 3 4 6 8 10 13 16 19 20 22 31 39 43 46 49 51 59 61 67 68 75 77 81 89 90 97 98 100 102 107 108 115 116 122 124
2 3 4 6 8 10 12 16 19 20 22 31 35 43 49 51 58 63 67 68 74 80 81 89 90 97 98 100 102 107 108 114 116 122 123
1 3 4 6 8 9 12 16 19 21 24 27 35 41 44 49 51 58 61 67 68 75 80 81 89 90 97 98 100 104 106 108 115 116 122 124
2 3 4 6 8 10 13 16 19 20 22 31 39 43 51 58 62 67 68 73 78 81 89 90 97 98 100 102 106 108 115 118 122 124
