2 7 12 15 19 20 23 26 27 29 31
2 6 12 15 19 20 23 26 27 29 31
2 7 12 16 18 20 24 26 27 29 31
2 6 12 15 19 20 23 26 27 29 31
2 7 13 15 18 20 23 26 27 29 31
1 6 12 15 18 20 23 26 27 29 31
1 7 11 15 18 20 23 26 27 29 31
1 6 12 16 19 20 23 26 27 29 31
1 6 12 15 18 20 24 26 27 29 32
5 10 14 15 19 20 24 26 28 29 31
4 7 12 16 18 22 24 26 27 30 31
3 8 12 16 19 20 23 26 27 29 31
1 7 11 15 19 20 23 26 27 29 31
1 10 11 15 19 20 23 25 27 29 31
2 7 12 15 17 20 23 26 27 30 31
1 7 11 15 19 20 23 26 27 29 31
5 8 13 16 19 20 24 26 28 29 32
1 6 13 15 18 20 24 26 27 30 31
2 7 12 15 18 20 24 26 27 29 31
1 6 12 15 18 22 24 26 27 30 31
1 6 12 15 18 20 23 26 27 29 31
1 6 12 15 19 20 23 26 27 29 31
2 6 12 15 19 20 23 26 27 29 31
2 7 12 16 19 20 24 26 27 29 31
2 7 12 15 18 20 23 26 27 29 31
4 10 13 15 18 20 24 26 27 29 32
1 8 11 15 19 20 23 25 27 29 31
3 8 13 15 18 20 24 26 27 30 31
5 8 14 16 19 20 24 26 28 29 33
2 6 12 15 19 20 23 26 27 29 31
1 6 12 16 18 22 23 26 27 29 31
3 7 12 15 19 20 23 26 27 30 32
3 6 13 15 18 20 24 26 27 29 31
1 7 11 15 19 20 23 25 27 29 31
2 8 12 16 18 22 24 26 27 29 31
1 8 11 15 18 20 24 26 27 29 31
1 8 11 15 18 20 24 26 27 29 31
2 6 12 15 19 20 23 26 27 29 31
2 7 12 15 19 20 23 26 27 29 31
1 6 12 15 18 20 24 26 27 29 31
4 10 13 16 19 20 24 26 28 29 32
1 9 11 15 19 20 24 25 27 29 31
1 6 13 15 19 20 23 26 27 29 31
4 10 14 15 19 20 23 26 28 30 31
3 7 12 15 17 20 24 26 27 29 31
3 7 12 15 19 20 23 26 27 30 31
1 6 11 15 18 20 23 26 27 30 31
2 7 13 16 18 20 24 26 27 29 31
3 7 12 16 18 21 24 26 27 29 32
1 7 11 15 18 20 23 25 27 29 31
1 7 11 15 18 20 24 25 27 29 31
1 7 11 15 18 20 23 25 27 29 31
2 6 12 15 18 20 23 26 27 29 31
1 7 11 15 18 20 23 26 27 30 31
1 7 11 15 18 20 24 25 27 29 31
4 7 13 15 19 20 23 26 27 30 31
1 8 11 15 19 20 23 26 27 30 31
3 8 13 16 19 20 23 26 27 29 34
3 8 13 16 18 20 24 26 27 29 33
2 7 12 16 18 22 24 26 27 29 32
5 8 13 15 17 20 24 26 27 29 31
1 6 12 15 19 20 23 26 27 29 31
3 6 12 15 19 20 23 26 27 29 31
3 6 12 15 18 20 23 26 27 29 31
2 7 12 15 19 20 23 26 27 29 31
1 6 12 15 19 20 23 26 27 29 31
1 6 13 15 19 20 23 26 27 29 31
2 7 12 15 18 20 23 26 27 30 31
3 6 12 15 19 20 23 26 27 29 31
3 8 13 15 19 20 24 26 27 30 31
1 6 12 15 17 20 24 26 27 29 31
1 7 11 15 17 20 24 26 27 29 31
1 7 11 16 18 20 23 25 27 29 31
2 10 13 15 19 20 24 26 27 30 31
3 7 12 15 18 20 23 26 27 30 32
5 7 12 15 18 20 24 26 27 30 31
3 10 14 15 19 20 24 26 27 30 31
1 6 12 15 19 20 23 26 27 29 31
4 8 12 15 18 20 23 26 27 30 31
1 6 12 15 19 20 23 26 27 29 31
3 8 13 15 18 20 24 26 27 29 31
3 6 12 15 18 20 23 26 27 29 31
3 8 13 15 18 20 24 26 27 29 31
1 6 12 15 18 20 23 26 27 29 32
1 7 11 15 17 20 23 25 27 29 31
1 7 11 15 17 20 23 26 27 29 31
2 7 12 16 19 22 23 26 27 29 31
4 10 14 15 19 20 24 26 28 29 33
1 6 13 16 18 20 24 26 27 29 31
3 8 13 16 19 20 24 26 27 29 31
1 7 11 15 18 20 23 26 27 29 31
1 6 12 15 19 20 23 26 27 29 31
5 10 13 15 18 20 24 26 27 30 32
3 6 12 15 18 20 24 26 27 29 31
2 6 12 15 19 20 23 26 27 29 31
1 6 11 15 19 20 23 26 27 29 31
1 7 11 15 19 20 23 25 27 29 31
2 8 12 15 19 20 23 26 27 29 31
1 7 11 15 19 20 24 26 27 29 31
1 8 11 15 18 20 23 26 27 29 31
2 6 13 15 18 20 23 26 27 29 31
3 6 12 15 19 20 23 26 27 29 32
4 7 12 15 17 20 24 26 27 29 31
1 7 11 15 18 20 23 26 27 29 31
1 6 13 15 18 20 24 26 27 29 31
1 6 13 15 19 20 23 26 27 29 31
2 7 12 15 19 20 23 26 27 29 31
1 7 11 15 18 20 23 26 27 29 31
1 7 11 15 19 20 24 25 27 29 31
2 7 12 15 18 20 24 26 27 29 31
1 7 11 15 19 20 23 26 27 29 31
2 6 12 15 19 20 23 26 27 29 31
1 7 11 15 18 20 24 26 27 29 31
1 6 12 15 18 20 24 26 27 29 31
1 6 11 15 18 20 23 26 27 29 31
4 8 13 15 19 20 24 26 27 29 34
3 6 12 15 19 20 23 26 27 29 31
2 7 12 15 18 20 23 26 27 29 31
3 8 13 15 19 20 24 26 27 30 33
1 6 12 15 19 20 23 26 27 29 31
1 6 12 15 19 20 23 26 27 30 32
1 8 11 15 19 20 23 26 27 29 31
1 7 11 15 17 20 24 26 27 29 31
4 8 13 16 19 20 24 26 27 29 35
2 8 12 15 18 20 24 26 27 29 31
3 8 13 15 19 20 24 26 27 29 31
3 7 12 15 19 20 23 26 27 29 31
1 6 12 15 18 20 23 26 27 29 31
2 8 12 15 18 20 24 26 27 29 31
2 6 12 15 19 20 23 26 27 29 31
3 10 14 16 18 22 24 26 27 30 31
4 8 12 16 18 20 24 26 27 29 31
1 8 11 15 18 20 24 26 27 29 31
2 6 12 15 18 20 23 26 27 29 31
1 7 11 15 19 20 23 25 27 29 31
2 6 12 15 19 20 23 26 27 29 31
3 8 13 15 18 20 24 26 27 29 32
1 7 11 15 18 20 24 25 27 29 31
1 7 11 15 18 20 24 26 27 29 31
1 8 11 15 19 20 23 25 27 30 31
3 7 13 15 18 20 24 26 27 29 31
2 7 12 15 19 20 24 26 27 29 31
1 6 12 15 19 20 23 26 27 29 31
3 9 12 15 19 20 23 26 27 29 31
3 8 12 15 18 20 23 26 27 29 31
3 8 13 15 18 20 24 26 27 29 32
1 6 12 15 19 20 23 26 27 29 31
3 8 13 16 19 22 24 26 27 29 33
3 8 12 15 19 20 23 26 27 30 31
1 6 12 15 18 20 24 26 27 29 31
1 6 11 15 19 20 23 26 27 30 31
3 10 13 15 19 20 24 26 27 30 31
2 6 12 15 19 20 23 26 27 29 31
4 10 14 15 19 20 24 26 27 30 31
1 6 13 15 18 20 24 26 27 29 32
1 6 12 15 19 20 23 26 27 29 31
1 7 11 15 18 20 23 25 27 30 31
2 7 12 15 18 20 24 26 27 29 31
2 10 13 15 19 20 23 26 27 29 31
1 8 11 15 19 20 24 26 27 30 31
2 7 12 16 18 20 24 26 27 30 31
3 7 12 15 19 20 24 26 27 29 31
3 8 13 15 18 20 24 26 27 29 31
4 8 13 15 19 20 24 26 27 29 32
3 8 13 15 19 20 23 26 27 29 31
1 8 11 15 18 20 24 26 27 29 31
1 7 11 15 19 20 23 25 27 29 31
1 6 11 15 19 20 23 26 27 29 31
2 6 13 16 19 22 23 26 27 30 31
3 10 14 16 18 22 24 26 27 30 31
1 7 11 15 18 20 23 25 27 30 31
5 10 13 15 18 20 24 26 27 29 32
2 7 12 15 19 20 23 26 27 29 31
1 7 11 15 17 20 23 25 27 29 31
4 8 12 16 18 20 24 26 27 29 31
3 9 12 15 19 20 24 26 27 29 31
3 7 12 15 18 20 24 26 27 29 34
1 6 12 15 17 20 24 26 27 29 31
1 6 11 15 18 20 23 26 27 30 31
5 7 13 16 18 20 24 26 27 29 33
3 7 12 15 18 20 24 26 27 29 31
1 6 12 15 18 20 23 26 27 30 31
2 7 13 15 19 20 23 26 27 29 32
3 9 13 16 19 20 24 26 27 29 31
2 6 12 15 19 20 23 26 27 30 31
2 6 12 15 19 20 23 26 27 29 31
1 6 11 15 18 20 23 26 27 29 31
1 6 12 15 18 20 23 26 27 29 31
5 8 13 15 18 20 24 26 27 29 31
3 6 13 15 19 20 23 26 27 29 32
3 8 12 15 19 20 24 26 27 30 31
1 7 11 15 18 20 24 25 27 29 31
1 6 12 15 19 20 23 26 27 29 31
1 7 11 15 19 20 23 25 27 29 31
2 6 12 15 19 20 23 26 27 30 31
1 7 11 15 19 20 24 26 27 30 31
1 6 12 15 19 20 23 26 27 29 31
3 7 12 15 19 20 23 26 27 30 31
1 7 11 15 17 20 23 26 27 29 31
1 6 12 15 19 20 23 26 27 29 31
1 7 11 15 18 20 23 25 27 29 31
2 8 13 15 19 20 23 26 27 30 31
1 7 11 15 18 20 23 25 27 29 31
1 6 13 15 17 20 24 26 27 29 31
1 6 12 15 19 20 23 26 27 29 32
1 7 11 15 19 20 23 26 27 30 31
1 7 11 15 18 20 23 25 27 29 31
5 8 13 16 18 20 24 26 27 29 33
1 6 12 15 18 20 24 26 27 29 31
2 7 12 15 18 20 23 26 27 30 31
1 7 11 15 18 20 23 25 27 30 31
3 7 12 15 19 20 24 26 27 30 31
2 7 12 16 18 20 23 26 27 29 31
5 10 14 16 19 20 24 26 28 29 31
3 10 14 16 19 22 24 26 27 30 32
4 7 13 15 18 20 24 26 27 29 31
3 6 12 15 18 20 23 26 27 29 31
4 7 13 15 18 20 24 26 27 29 31
2 6 12 15 18 20 23 26 27 29 31
1 7 11 15 18 20 23 26 27 30 31
5 7 13 16 18 20 24 26 27 29 31
1 7 11 15 17 20 24 26 27 29 31
5 8 13 16 18 20 24 26 27 29 32
2 6 12 15 19 20 23 26 27 29 31
1 7 11 15 18 20 23 26 27 29 31
3 7 13 15 19 20 24 26 27 30 31
1 6 11 15 19 20 23 25 27 29 31
1 7 11 15 18 20 24 25 27 29 31
2 8 13 15 18 20 23 26 27 30 31
3 10 14 15 19 22 24 26 27 30 31
3 7 12 15 19 20 23 26 27 29 32
4 7 13 16 18 20 24 26 27 29 34
3 7 12 15 19 20 23 26 27 29 31
1 7 11 15 18 20 24 26 27 29 31
1 6 12 15 19 20 23 26 27 29 31
2 8 12 15 19 20 24 26 27 30 31
3 8 13 16 18 22 24 26 27 30 31
4 10 14 16 18 22 24 26 28 29 33
3 6 12 15 19 20 23 26 27 29 31
2 6 13 15 18 20 24 26 27 29 32
1 7 11 15 18 20 23 26 27 30 31
4 8 13 15 18 20 24 26 27 29 31
3 6 12 15 19 20 24 26 27 29 31
5 8 13 15 18 20 24 26 27 29 35
4 7 12 16 19 20 24 26 27 29 36
4 7 13 15 18 20 24 26 27 29 31
1 6 11 15 18 20 23 25 27 29 31
2 7 12 15 17 20 23 26 27 29 31
1 7 11 15 19 20 23 26 27 29 31
3 10 13 15 19 20 24 26 27 29 32
3 8 12 16 18 22 24 26 27 29 31
1 7 11 15 18 20 23 26 27 29 31
2 9 12 15 18 20 24 26 27 30 31
1 7 11 15 18 20 24 25 27 29 31
5 8 13 16 19 20 24 26 27 29 31
3 10 14 15 19 20 24 26 27 30 31
3 7 12 16 19 20 24 26 27 29 31
1 7 11 15 19 20 23 25 27 29 32
2 6 12 15 19 20 23 26 27 29 31
3 7 12 15 19 20 24 26 27 30 31
2 6 13 15 18 20 23 26 27 30 31
2 7 12 15 19 20 23 26 27 29 31
1 6 12 15 19 20 23 26 27 29 31
2 8 12 15 19 20 24 26 27 29 31
3 10 13 15 19 20 24 26 27 30 31
2 7 12 16 18 20 23 26 27 29 31
5 9 12 15 18 20 24 26 27 29 32
2 6 12 15 18 20 23 26 27 29 31
3 10 13 16 19 20 24 26 27 29 33
1 6 12 15 18 20 23 26 27 29 31
4 8 12 15 19 20 23 26 27 30 31
4 7 13 16 19 20 24 26 27 29 31
1 7 11 15 18 20 24 26 27 30 31
2 6 12 15 18 20 23 26 27 29 31
3 8 13 15 19 20 24 26 27 29 31
1 6 11 15 19 20 23 26 27 29 31
1 7 11 15 18 20 23 26 27 29 32
3 7 13 15 19 20 23 26 27 29 31
1 7 11 15 18 20 24 25 27 29 31
2 7 12 15 18 20 24 26 27 30 31
3 8 13 16 19 20 23 26 27 29 31
1 7 11 15 19 20 23 26 27 29 31
1 7 11 16 18 20 23 26 27 30 31
1 7 11 15 18 20 24 26 27 29 31
1 6 12 15 19 20 23 26 27 29 32
1 7 11 15 18 20 23 26 27 30 31
1 6 12 15 18 20 23 26 27 29 31
1 7 11 15 19 20 24 26 27 29 31
1 7 11 15 19 20 23 25 27 29 31
3 7 12 15 18 20 24 26 27 29 31
3 6 12 15 17 20 23 26 27 29 31
1 6 13 15 18 20 23 26 27 29 31
3 7 12 15 18 20 23 26 27 29 34
3 8 13 15 19 20 23 26 27 30 31
3 7 12 15 18 20 24 26 27 29 32
1 6 11 15 18 20 24 26 27 29 31
1 6 12 15 19 20 23 26 27 29 31
1 7 11 15 19 20 23 25 27 29 31
4 7 12 15 18 20 23 26 27 29 33
1 7 11 15 18 20 23 25 27 29 31
1 6 12 15 17 20 24 26 27 29 31
3 6 12 15 19 20 23 26 27 29 31
1 6 12 15 19 20 23 26 27 29 32
1 6 11 15 19 20 24 26 27 29 31
1 6 11 15 18 20 23 26 27 29 31
1 10 11 15 18 20 24 26 27 30 31
3 8 12 15 19 20 23 26 27 29 31
1 6 12 15 19 20 23 26 27 29 31
4 7 12 15 19 20 23 26 27 29 37
1 8 11 15 18 20 23 25 27 29 31
1 7 11 15 18 20 23 25 27 29 31
1 8 11 15 18 20 24 26 27 29 31
3 8 13 15 18 20 24 26 27 29 32
2 7 13 15 18 20 24 26 27 30 31
1 8 11 15 19 20 24 26 27 30 31
1 6 11 15 18 20 23 25 27 29 31
1 7 11 15 18 20 23 25 27 29 31
2 6 12 15 19 20 23 26 27 29 31
1 6 12 15 19 20 23 26 27 30 31
3 8 13 15 19 20 24 26 27 29 31
3 10 14 16 19 20 24 26 28 29 32
3 8 12 15 19 20 24 26 27 29 31
1 6 12 16 19 20 23 26 27 29 31
1 8 11 15 17 20 24 26 27 29 31
1 6 11 15 18 20 23 26 27 29 31
1 6 12 15 17 20 23 26 27 29 31
1 6 11 15 19 20 23 26 27 29 31
4 10 14 16 18 20 24 26 27 29 31
1 7 11 15 18 20 23 26 27 29 31
2 7 12 15 19 20 23 26 27 29 32
4 10 13 16 18 20 24 26 27 29 33
3 8 14 16 19 20 24 26 27 29 31
5 7 12 15 18 20 24 26 27 30 31
2 6 12 15 19 20 23 26 27 29 31
1 9 11 15 18 20 23 25 27 29 31
2 8 12 15 18 20 24 26 27 29 31
2 7 12 15 18 20 23 26 27 29 31
1 6 12 15 19 20 23 26 27 29 31
1 7 11 15 18 20 23 26 27 29 32
2 7 12 16 18 22 24 26 27 29 31
3 9 12 15 18 20 23 26 27 30 31
3 6 12 15 19 20 23 26 27 29 31
2 8 12 15 18 20 23 26 27 29 31
1 6 11 15 19 20 23 26 27 30 31
1 6 12 15 18 20 23 26 27 29 31
1 8 11 15 18 20 24 25 27 29 31
3 10 14 16 18 22 24 26 28 30 32
3 6 13 15 19 20 23 26 27 29 31
2 7 12 15 19 20 23 26 27 29 31
1 6 12 15 19 20 23 26 27 29 31
4 7 13 15 19 20 23 26 27 30 31
1 7 11 15 18 20 23 25 27 29 31
5 8 13 16 18 20 24 26 27 29 34
1 6 12 15 19 20 23 26 27 29 31
1 7 11 15 18 20 23 25 27 29 31
4 8 13 15 19 20 24 26 27 29 31
5 8 14 16 18 20 24 26 27 29 32
1 7 11 15 19 20 24 26 27 29 31
1 6 11 16 17 20 24 26 27 29 31
1 7 11 15 18 20 23 25 27 29 31
1 7 11 15 19 20 23 26 27 30 31
4 8 13 16 19 20 24 26 27 29 33
2 6 12 15 19 20 23 26 27 29 31
2 7 12 16 18 21 23 26 27 29 31
2 7 13 16 19 22 23 26 27 29 31
1 7 11 15 18 20 23 26 27 30 31
2 7 12 15 18 20 24 26 27 29 32
3 6 12 15 19 20 23 26 27 29 31
3 8 12 15 18 20 23 26 27 29 31
2 6 13 15 19 20 23 26 27 30 31
1 6 13 15 18 20 23 26 27 29 31
2 8 12 15 19 20 23 26 27 30 31
4 8 12 15 18 20 24 26 27 29 35
1 7 11 15 19 20 23 26 27 30 31
3 7 13 15 19 20 24 26 27 29 31
4 8 12 15 18 20 24 26 27 29 32
4 8 13 16 18 22 24 26 27 30 31
3 8 13 15 19 20 24 26 27 30 31
4 10 13 15 19 20 23 26 27 30 31
3 8 13 15 18 20 23 26 27 29 31
3 10 13 15 19 20 24 26 27 30 31
3 7 13 15 18 20 24 26 27 29 31
1 6 12 15 19 20 23 26 27 29 31
3 8 13 16 18 20 24 26 27 29 32
3 8 13 15 19 20 24 26 27 29 31
1 6 12 15 18 20 23 26 27 29 31
1 9 11 15 19 20 23 26 27 29 31
2 7 12 16 18 21 23 26 27 29 31
3 9 12 15 19 20 24 26 27 29 31
1 6 12 16 19 20 23 26 27 30 31
1 8 11 16 19 21 24 26 27 29 31
1 6 11 15 18 20 23 26 27 29 31
3 6 13 15 19 20 23 26 27 29 32
2 7 12 15 19 20 24 26 27 29 33
1 7 11 15 18 20 24 26 27 30 31
2 7 12 15 18 20 23 26 27 29 31
1 6 12 15 19 20 23 26 27 29 31
2 6 12 15 18 20 23 26 27 29 31
5 8 13 16 18 20 24 26 27 29 31
1 6 12 15 19 20 23 26 27 29 31
1 6 12 15 19 20 23 26 27 29 31
1 9 11 15 19 20 23 26 27 30 31
3 8 12 15 19 20 23 26 27 29 32
4 10 13 15 19 20 23 26 27 30 31
2 7 12 15 18 20 23 26 27 29 31
2 6 12 15 19 20 23 26 27 29 31
3 8 13 15 18 20 23 26 27 29 31
2 7 12 16 18 20 23 26 27 29 31
2 8 13 15 18 20 24 26 27 29 31
1 7 11 15 19 20 24 26 27 29 31
1 7 11 16 18 20 23 25 27 29 32
1 7 11 15 18 20 24 26 27 29 31
2 8 13 15 18 20 24 26 27 29 31
1 7 11 15 18 20 23 26 27 29 31
3 6 12 15 19 20 23 26 27 29 31
4 8 13 15 19 20 23 26 27 30 31
1 7 11 15 18 20 23 25 27 29 31
1 7 11 15 18 20 23 26 27 29 31
4 10 13 15 19 20 24 26 28 29 32
4 8 13 15 18 20 24 26 27 29 31
2 7 12 15 19 20 23 26 27 30 31
3 7 13 16 19 20 24 26 27 29 31
1 6 11 15 18 20 23 26 27 30 31
2 10 12 15 18 20 23 26 27 29 33
1 7 11 15 18 20 24 26 27 29 31
1 6 12 15 18 20 23 26 27 29 31
3 6 13 16 19 21 24 26 27 29 31
3 6 13 16 19 20 24 26 27 29 32
1 6 13 15 19 20 23 26 27 29 31
1 6 12 15 17 20 23 26 27 29 31
1 6 13 15 19 20 23 26 27 29 31
1 7 11 15 17 21 24 26 27 29 31
3 8 14 15 18 20 24 26 27 29 31
1 6 11 15 19 20 24 26 27 29 31
1 7 11 15 18 20 23 26 27 29 31
3 7 13 15 19 20 23 26 27 29 32
5 8 13 16 18 20 24 26 27 29 31
1 7 11 15 19 20 24 25 27 29 31
3 8 13 15 19 20 23 26 27 30 31
2 6 12 15 19 20 23 26 27 29 31
4 8 14 15 19 20 24 26 27 29 31
2 7 12 15 18 20 24 26 27 30 31
1 8 11 15 17 20 24 26 27 29 31
1 7 11 15 19 20 23 25 27 29 31
1 6 11 15 17 20 23 26 27 29 31
3 10 13 15 19 20 23 26 27 30 31
1 6 12 15 19 20 23 26 27 29 31
2 6 12 15 19 20 23 26 27 29 31
2 7 12 15 17 20 24 26 27 29 31
3 7 12 15 18 20 23 26 27 29 31
3 6 13 15 19 20 23 26 27 29 31
1 8 11 15 19 20 23 25 27 30 33
3 6 12 15 19 20 23 26 27 29 32
1 6 11 15 19 20 23 25 27 29 31
2 8 12 15 19 20 23 26 27 29 31
1 6 12 15 19 20 23 26 27 29 31
2 7 12 15 18 20 24 26 27 29 31
1 8 11 15 19 20 24 26 27 30 31
4 8 12 15 18 20 24 26 27 29 31
1 7 11 15 18 20 23 26 27 30 31
5 10 13 16 18 20 24 26 28 29 32
2 6 12 15 18 20 24 26 27 29 31
1 7 11 15 18 20 23 25 27 29 31
3 7 12 15 18 20 24 26 27 30 31
5 10 14 16 19 20 24 26 28 29 31
1 6 11 16 18 20 24 26 27 29 31
4 10 13 15 19 20 24 26 28 29 31
1 6 12 15 17 20 23 26 27 29 31
1 9 11 15 18 20 24 26 27 29 32
1 6 12 15 18 20 23 26 27 29 31
4 8 13 16 18 20 24 26 27 29 34
3 8 13 15 18 20 23 26 27 30 31
3 7 13 15 17 20 24 26 27 29 31
1 7 11 15 18 20 23 25 27 29 31
1 7 11 15 18 20 24 26 27 29 31
1 6 12 15 19 20 23 26 27 29 31
1 7 11 15 18 20 24 25 27 29 31
1 7 11 15 18 20 23 26 27 29 31
3 8 13 15 18 20 24 26 27 29 31
3 10 14 16 18 20 24 26 28 30 32
2 7 12 16 17 20 23 26 27 29 31
2 7 12 15 18 20 23 26 27 29 31
3 10 14 16 19 20 24 26 28 30 33
3 7 12 15 19 20 24 26 27 29 31
2 7 12 15 18 20 23 26 27 30 31
1 7 11 15 18 20 23 26 27 29 31
2 7 12 15 18 20 24 26 27 29 31
1 6 11 15 17 20 23 26 27 29 32
3 8 13 15 19 20 23 26 27 29 31
3 6 12 15 18 20 23 26 27 29 31
1 6 11 15 17 20 23 26 27 29 31
1 6 11 15 18 20 23 26 27 29 31
4 10 13 16 19 20 24 26 27 30 31
5 10 13 15 18 20 24 26 27 29 35
2 6 12 15 19 20 23 26 27 29 36
4 8 14 15 19 20 24 26 27 30 31
4 8 12 15 18 20 24 26 27 29 32
3 6 12 15 19 20 24 26 27 29 31
1 7 11 15 18 20 23 25 27 29 31
2 6 12 15 19 20 23 26 27 29 31
1 6 12 15 19 20 23 26 27 29 31
1 7 11 15 19 20 23 25 27 29 31
2 6 12 15 19 20 23 26 27 29 31
3 7 12 15 18 20 24 26 27 29 31
3 10 13 15 19 20 24 26 27 30 31
2 7 12 15 19 20 23 26 27 30 32
4 8 13 15 18 20 24 26 27 29 31
2 6 12 15 19 20 23 26 27 29 31
2 6 12 15 19 20 23 26 27 29 31
1 6 12 15 18 20 23 26 27 29 31
3 7 13 15 19 20 23 26 27 29 31
1 7 11 15 18 20 23 26 27 29 31
2 7 12 15 18 22 24 26 27 30 31
3 6 12 15 19 20 23 26 27 29 31
3 7 12 15 18 20 24 26 27 30 33
1 7 11 15 18 20 23 26 27 29 31
3 8 13 16 18 20 24 26 27 29 32
1 7 12 15 19 20 23 26 27 29 31
2 7 12 15 18 20 24 26 27 30 31
3 8 12 15 19 20 24 26 27 29 31
1 7 11 15 17 20 23 26 27 29 31
3 8 13 16 18 20 24 26 27 29 31
5 8 13 15 18 20 24 26 27 29 32
1 6 11 15 18 20 23 26 27 30 31
2 7 12 15 18 20 24 26 27 30 31
1 7 11 15 19 20 24 26 27 30 31
1 6 12 15 19 20 23 26 27 29 31
1 6 11 15 18 20 24 25 27 29 31
2 6 12 15 18 20 24 26 27 29 31
1 7 11 15 18 20 24 26 27 29 31
1 6 12 15 19 20 23 26 27 29 31
2 6 12 15 18 20 23 26 27 29 34
3 6 12 15 18 20 23 26 27 29 32
1 7 11 15 18 20 23 25 27 30 31
2 7 12 15 18 20 23 26 27 30 31
1 8 11 15 19 20 23 26 27 29 31
1 7 11 15 18 20 23 25 27 29 31
2 6 12 15 19 20 23 26 27 29 31
2 7 12 15 18 20 23 26 27 29 31
1 7 11 15 18 20 24 25 27 29 31
3 7 12 15 17 20 23 26 27 29 31
3 8 12 15 19 20 23 26 27 29 32
3 6 12 15 18 20 24 26 27 29 31
1 6 11 15 19 20 23 26 27 29 31
2 6 13 15 19 20 23 26 27 30 31
1 7 11 15 18 20 23 26 27 29 33
3 10 13 15 18 20 24 26 27 30 31
2 7 13 15 19 20 23 26 27 29 31
1 6 12 15 19 20 23 26 27 29 31
2 6 12 15 18 20 23 26 27 29 31
1 7 11 15 19 20 23 25 27 29 31
1 6 12 15 19 20 23 26 27 29 32
1 7 11 15 19 20 23 25 27 29 31
1 7 11 15 17 20 23 26 27 29 31
4 7 12 15 18 20 24 26 27 29 31
3 8 13 15 18 20 24 26 27 29 31
1 7 11 15 18 20 23 25 27 29 31
1 6 12 15 19 20 23 26 27 29 31
2 8 12 15 19 20 24 26 27 30 31
2 7 12 15 19 20 23 26 27 29 31
2 6 12 15 18 20 24 26 27 29 32
2 8 12 15 17 20 23 26 27 29 31
1 6 11 15 19 20 24 26 27 29 31
1 7 11 15 18 20 24 26 27 29 31
1 7 11 15 18 20 24 25 27 29 31
1 6 11 15 18 20 23 26 27 29 31
1 6 12 15 19 20 23 26 27 29 32
1 6 11 15 19 20 23 26 27 29 31
3 7 12 15 19 20 23 26 27 29 31
2 6 12 15 19 20 23 26 27 29 31
1 6 11 15 18 20 23 26 27 29 31
1 7 11 15 19 20 23 26 27 29 31
2 7 12 16 18 20 23 26 27 29 31
1 6 12 15 18 20 23 26 27 29 31
3 10 13 16 19 21 24 26 27 29 33
2 6 12 15 18 20 23 26 27 29 31
3 10 14 16 18 20 24 26 28 30 32
2 6 12 15 18 20 23 26 27 29 31
1 7 11 15 19 20 23 25 27 29 31
1 7 11 15 18 20 23 26 27 29 31
4 8 12 15 19 20 23 26 27 29 31
1 7 11 15 18 20 23 25 27 29 31
1 6 12 16 18 20 24 26 27 29 31
2 6 12 15 18 20 23 26 27 29 31
2 7 12 15 18 20 23 26 27 29 31
2 6 12 15 18 20 23 26 27 29 31
3 7 12 15 19 20 23 26 27 29 32
1 6 12 15 18 20 23 26 27 29 31
2 6 12 15 19 20 23 26 27 29 31
2 6 12 16 18 20 23 26 27 29 31
4 8 13 15 19 20 23 26 27 29 31
1 7 11 15 17 20 23 26 27 30 31
4 8 12 15 17 20 24 26 27 29 34
1 6 12 15 19 20 23 26 27 29 31
1 7 11 15 18 20 24 26 27 29 31
2 6 12 15 18 20 23 26 27 29 31
3 7 12 15 19 20 23 26 27 30 32
1 6 12 15 18 20 23 26 27 29 31
4 7 12 15 18 20 23 26 27 29 31
3 7 13 15 19 20 23 26 27 29 31
1 6 12 15 19 20 23 26 27 29 31
3 7 13 15 18 20 24 26 27 30 31
1 7 11 15 18 20 23 25 27 29 31
1 7 11 15 18 20 23 26 27 29 31
2 7 12 15 17 20 24 26 27 30 31
1 7 11 15 17 20 24 26 27 29 32
3 6 12 15 18 20 23 26 27 29 31
3 6 13 15 18 20 24 26 27 29 31
4 7 13 16 18 20 24 26 27 29 31
4 8 13 15 19 20 24 26 27 29 31
2 7 12 15 19 20 23 26 27 29 31
2 6 13 15 19 20 23 26 27 29 32
1 6 12 15 18 20 23 26 27 29 31
1 7 11 15 19 20 23 26 27 29 31
1 6 12 15 18 20 23 26 27 29 31
1 7 11 15 18 20 24 25 27 29 31
3 7 13 15 19 20 23 26 27 29 31
1 7 11 16 18 20 24 26 27 29 31
1 6 11 15 18 20 23 26 27 29 31
2 7 12 15 18 20 23 26 27 29 31
2 7 12 15 19 20 23 26 27 29 31
3 8 13 15 18 20 24 26 27 29 35
4 8 13 16 18 20 23 26 27 29 39
4 8 13 16 19 22 24 26 27 29 37
2 6 12 15 19 20 23 26 27 29 32
2 6 12 15 18 20 24 26 27 29 31
3 9 12 15 18 20 24 26 27 29 31
3 7 13 15 19 20 23 26 27 29 31
1 6 12 15 19 20 23 26 27 29 31
1 6 12 15 18 20 24 26 27 29 31
2 6 12 16 18 20 23 26 27 29 31
3 8 13 15 18 20 24 26 27 30 31
3 8 12 15 19 20 23 26 27 30 32
3 7 12 15 18 20 23 26 27 29 31
1 6 12 15 18 20 23 26 27 29 31
3 8 13 15 19 20 23 26 27 29 31
1 6 12 15 19 20 23 26 27 29 31
2 6 12 15 18 20 23 26 27 29 31
2 6 13 15 18 20 23 26 27 29 33
1 6 12 15 19 20 23 26 27 29 31
3 7 13 15 19 20 24 26 27 29 31
2 8 12 15 18 20 23 26 27 29 32
3 6 12 15 19 20 23 26 27 29 31
1 7 11 15 18 20 23 25 27 29 31
1 6 11 15 18 20 23 26 27 29 31
1 6 12 15 19 20 23 26 27 29 31
1 6 13 15 18 20 23 26 27 29 31
1 6 12 15 18 20 23 26 27 29 31
3 8 13 15 19 20 23 26 27 29 32
3 7 13 15 19 20 24 26 27 29 31
2 7 12 15 19 20 23 26 27 29 31
1 6 11 15 17 20 24 26 27 29 31
2 7 12 15 19 20 23 26 27 29 34
2 8 12 15 18 20 24 26 27 29 31
2 7 12 15 17 20 23 26 27 30 31
1 8 11 15 18 20 24 26 27 29 31
2 10 12 15 18 20 24 26 27 30 31
1 6 12 15 19 20 23 26 27 29 31
1 7 11 15 18 20 23 25 27 29 32
3 7 13 15 19 20 23 26 27 29 31
1 7 11 15 17 20 23 26 27 29 31
2 6 12 15 19 20 23 26 27 29 31
2 8 12 15 19 20 23 26 27 29 31
1 6 11 15 18 20 23 26 27 29 31
1 6 11 15 18 20 23 25 27 29 31
4 8 12 15 18 20 24 26 27 29 31
2 8 13 15 19 20 24 26 27 30 31
3 6 13 15 19 20 24 26 27 29 31
1 6 12 15 18 20 23 26 27 29 32
2 7 12 15 18 20 24 26 27 29 31
1 7 11 15 19 20 23 25 27 29 33
2 6 12 15 19 20 23 26 27 29 31
3 8 13 15 19 20 23 26 27 29 31
4 6 12 16 18 20 24 26 27 29 31
1 6 12 15 18 20 23 26 27 29 31
1 6 11 15 18 20 23 26 27 29 31
1 6 11 15 18 20 23 26 27 29 31
1 7 11 15 19 20 23 26 27 29 32
1 6 12 15 17 20 23 26 27 29 31
1 6 12 15 19 20 23 26 27 29 31
2 7 12 15 19 20 23 26 27 29 31
1 7 11 15 18 20 23 26 27 29 31
3 7 12 15 19 20 23 26 27 29 31
3 6 12 15 19 20 23 26 27 29 31
2 8 12 15 19 20 24 26 27 29 31
2 7 12 15 18 20 23 26 27 29 32
2 7 12 15 18 20 23 26 27 29 31
1 6 12 15 19 20 23 26 27 29 31
1 6 12 15 18 20 23 26 27 29 31
1 8 11 15 18 20 24 26 27 29 31
3 6 12 15 19 20 23 26 27 29 31
3 8 13 15 18 20 23 26 27 29 31
1 6 12 15 19 20 23 26 27 29 31
3 8 13 15 19 20 24 26 27 29 32
3 6 12 15 19 20 23 26 27 29 31
1 7 11 15 18 20 23 26 27 29 31
1 6 12 15 19 20 23 26 27 29 31
3 6 13 15 19 20 24 26 27 29 31
4 8 12 15 19 20 23 26 27 29 33
1 6 12 15 19 20 23 26 27 29 31
1 7 11 15 18 20 24 26 27 29 31
2 8 12 15 19 20 24 26 27 29 31
5 8 13 16 18 20 24 26 27 29 32
5 10 14 15 18 20 24 26 28 29 31
2 7 12 15 18 20 24 26 27 29 31
1 8 11 15 18 20 23 25 27 29 31
1 7 11 15 19 20 23 26 27 29 31
3 7 12 15 19 20 23 26 27 29 31
3 7 13 16 19 20 23 26 27 29 31
1 7 11 15 17 20 23 26 27 29 31
4 8 12 16 18 20 24 26 27 29 32
1 7 11 15 18 20 23 26 27 29 31
3 8 13 15 19 20 24 26 27 29 34
1 8 11 15 18 20 23 25 27 29 31
2 7 12 15 19 20 24 26 27 29 31
1 6 12 15 19 20 23 26 27 29 31
1 6 12 16 18 20 23 26 27 29 31
2 7 12 15 18 20 24 26 27 29 31
2 8 12 15 18 20 24 26 27 30 31
2 7 12 15 19 20 23 26 27 29 31
2 7 13 15 19 20 23 26 27 29 32
1 6 12 15 19 20 23 26 27 29 31
1 7 11 15 19 20 23 26 27 29 31
4 7 13 16 18 20 24 26 27 29 31
1 8 11 15 19 20 23 25 27 29 31
1 7 11 15 17 20 23 26 27 29 31
2 7 12 15 19 20 23 26 27 29 31
2 9 12 15 19 20 23 26 27 29 31
2 7 13 15 19 20 23 26 27 29 31
1 7 11 15 18 20 23 25 27 29 32
1 6 11 15 19 20 23 26 27 29 31
2 8 12 15 18 20 23 26 27 29 31
2 7 12 15 18 20 23 26 27 30 31
3 7 12 15 17 20 24 26 27 29 31
1 7 11 15 18 20 23 26 27 29 31
1 6 11 15 17 20 23 26 27 29 31
1 6 12 15 19 20 23 26 27 30 31
1 7 11 15 18 20 23 26 27 29 31
2 7 12 15 18 20 23 26 27 30 32
4 8 12 16 19 20 24 26 27 30 31
1 7 11 15 19 20 24 26 27 29 31
2 10 12 15 18 22 24 26 27 30 31
1 6 11 15 17 20 24 26 27 29 31
1 7 11 15 19 20 24 25 27 29 31
1 6 12 15 18 20 23 26 27 29 31
1 7 11 16 19 20 24 26 27 29 31
2 8 12 15 18 20 24 26 27 30 31
4 10 13 15 18 20 24 26 27 30 32
1 6 11 15 18 22 23 26 27 30 31
5 10 14 16 18 20 24 26 27 29 35
4 8 14 16 17 22 24 26 27 29 36
2 8 13 15 19 20 23 26 27 29 31
1 6 12 15 19 20 23 26 27 29 31
2 6 12 15 19 20 23 26 27 29 31
1 8 11 15 18 20 23 26 27 30 31
1 6 12 15 19 20 23 26 27 29 31
2 7 12 15 18 20 23 26 27 29 31
1 6 12 15 19 20 23 26 27 30 31
3 8 13 15 19 20 24 26 27 29 32
1 7 11 15 17 20 24 26 27 29 31
3 10 13 16 18 20 24 26 27 29 31
1 6 13 15 19 20 23 26 27 29 31
3 6 13 15 19 20 23 26 27 29 33
1 7 11 15 19 20 24 26 27 29 31
3 7 12 15 18 20 24 26 27 29 31
1 7 11 15 18 20 23 26 27 29 31
4 9 13 15 19 20 24 26 27 29 32
3 8 13 16 18 20 24 26 27 29 31
1 6 12 15 17 20 23 26 27 29 31
4 7 12 15 18 20 23 26 27 29 31
2 7 12 16 19 20 23 26 27 29 31
1 6 11 15 18 20 24 26 27 29 31
3 6 12 15 19 20 23 26 27 29 31
1 6 12 15 18 20 23 26 27 29 31
3 10 13 16 19 20 24 26 27 29 34
2 6 13 15 19 20 23 26 27 30 31
3 8 13 16 18 20 24 26 27 29 32
5 8 13 16 19 22 24 26 27 30 31
1 6 12 15 18 20 23 26 27 29 31
1 6 12 15 18 20 23 26 27 29 31
4 7 12 16 19 22 23 26 27 29 31
2 6 13 15 19 20 23 26 27 29 31
2 6 12 15 18 20 24 26 27 29 31
2 6 12 15 19 20 23 26 27 29 31
3 7 12 15 17 20 23 26 27 29 31
4 8 13 16 19 20 24 26 27 29 32
1 7 11 16 18 20 23 26 27 29 31
1 6 12 15 19 20 23 26 27 29 31
3 8 12 15 18 20 23 26 27 30 31
3 7 12 15 19 20 23 26 27 29 31
3 8 12 15 18 20 23 26 27 29 31
2 7 12 15 19 20 23 26 27 29 31
2 6 12 15 19 20 23 26 27 29 31
1 6 11 15 19 20 23 26 27 29 31
3 7 13 15 19 20 24 26 27 30 32
5 8 13 15 18 20 24 26 27 29 33
2 6 12 15 17 20 23 26 27 29 31
3 8 13 16 18 22 24 26 27 29 31
2 6 13 15 19 20 23 26 27 29 31
1 6 12 15 19 20 23 26 27 30 31
4 8 13 15 18 20 24 26 27 29 31
1 7 11 15 18 20 23 26 27 29 31
1 8 11 15 18 20 24 26 27 29 31
1 7 11 15 19 20 24 26 27 29 32
3 10 14 16 19 22 24 26 28 30 31
1 6 11 15 18 20 23 26 27 30 31
1 7 11 15 18 20 24 26 27 29 31
1 7 11 15 17 20 23 26 27 29 31
1 6 12 15 19 20 23 26 27 30 31
3 8 13 16 19 20 24 26 27 29 31
1 6 13 15 19 20 23 26 27 30 31
1 6 12 16 17 20 24 26 27 29 31
5 7 13 15 19 20 24 26 27 29 32
1 6 11 15 18 20 23 25 27 30 31
1 6 12 15 18 20 23 26 27 29 31
1 7 11 15 18 20 23 26 27 29 31
1 6 12 15 19 20 23 26 27 30 31
2 7 12 15 18 20 23 26 27 29 31
4 6 14 16 19 20 23 26 27 29 31
1 9 11 15 19 20 23 26 27 29 31
3 10 13 15 19 20 24 26 27 29 32
1 7 11 15 19 20 23 25 27 29 31
3 7 12 15 19 20 24 26 27 29 31
1 7 11 15 19 20 23 26 27 29 31
2 7 12 15 19 20 23 26 27 29 31
3 8 12 15 19 20 23 26 27 29 31
1 7 11 15 18 20 23 26 27 29 31
3 8 13 15 19 20 23 26 27 29 31
2 7 12 15 19 20 23 26 27 30 31
2 7 12 16 18 20 23 26 27 29 32
4 10 13 16 19 20 24 26 27 30 31
3 8 13 16 19 21 23 26 27 29 31
2 8 12 15 19 20 24 26 27 29 31
1 7 11 15 17 20 23 25 27 29 31
5 10 13 16 19 20 24 26 28 29 34
1 7 11 15 18 20 23 25 27 29 31
2 6 12 15 18 20 23 26 27 29 31
4 9 12 16 18 20 24 26 27 29 32
1 7 11 15 18 20 23 26 27 29 31
1 7 11 15 18 20 24 25 27 29 31
2 6 12 15 18 20 23 26 27 29 31
1 6 11 15 18 20 23 25 27 30 31
1 7 11 15 18 20 23 26 27 29 31
3 6 12 15 17 20 23 26 27 29 31
1 6 12 15 19 20 23 26 27 29 31
2 6 12 15 19 20 23 26 27 29 31
3 6 14 15 19 20 24 26 27 29 32
1 6 12 15 19 20 23 26 27 29 31
1 6 12 15 19 20 23 26 27 29 31
1 8 11 15 19 20 24 25 27 29 31
1 6 13 15 19 20 23 26 27 29 31
3 8 13 15 19 20 23 26 27 29 31
1 7 11 15 19 20 23 26 27 29 31
1 6 12 15 19 20 23 26 27 29 31
1 7 11 15 17 20 24 26 27 29 31
1 6 13 16 19 20 23 26 27 30 32
3 7 12 15 19 20 24 26 27 29 31
1 8 11 15 18 20 23 25 27 29 31
3 6 12 15 19 20 23 26 27 29 31
1 6 12 15 19 20 23 26 27 29 31
1 7 11 15 19 20 23 25 27 30 31
1 7 11 15 19 20 23 26 27 29 31
1 8 11 15 19 20 24 26 27 29 31
1 7 11 15 19 20 24 26 27 29 31
1 10 11 15 19 20 24 26 27 30 31
2 8 12 15 19 20 24 26 27 29 31
1 7 11 15 19 20 23 26 27 30 31
1 6 11 15 19 20 23 26 27 29 32
1 7 11 15 18 20 23 26 27 29 31
1 6 12 15 18 20 23 26 27 29 31
1 7 11 16 19 20 23 26 27 29 31
4 8 12 16 18 20 24 26 27 29 35
3 10 13 15 19 20 24 26 27 29 31
1 7 11 15 18 20 24 26 27 29 31
1 6 12 15 19 20 23 26 27 29 31
4 8 13 15 19 20 24 26 27 29 31
2 6 12 15 19 20 23 26 27 29 31
3 8 13 16 19 22 23 26 27 29 32
1 6 12 15 18 20 23 26 27 29 31
3 8 13 15 19 20 23 26 27 30 31
2 7 12 15 17 22 24 26 27 30 31
4 10 14 16 19 20 24 26 28 29 33
1 6 12 15 19 20 23 26 27 29 31
3 6 12 15 19 20 23 26 27 29 31
1 6 12 15 18 20 23 26 27 29 31
1 7 11 15 19 20 23 25 27 30 31
5 7 13 15 19 20 24 26 27 29 31
3 6 12 15 19 20 23 26 27 29 32
1 6 12 15 19 20 23 26 27 29 31
1 6 11 15 19 20 23 26 27 29 31
1 6 12 15 19 20 23 26 27 29 31
4 8 13 15 18 20 24 26 27 29 34
2 6 12 15 17 20 24 26 27 29 31
2 7 12 15 19 20 23 26 27 30 31
1 6 12 15 19 20 23 26 27 29 31
1 8 11 15 18 20 23 26 27 29 31
1 6 12 15 19 20 23 26 27 29 32
2 7 12 15 18 20 23 26 27 29 31
4 8 13 15 19 20 24 26 27 29 31
1 7 11 15 18 21 24 26 27 29 31
1 7 11 15 19 20 23 25 27 29 31
3 8 13 15 19 20 24 26 27 29 31
3 6 13 15 18 20 24 26 27 29 31
1 7 11 15 18 20 23 25 27 29 31
4 10 14 16 18 22 24 26 28 29 31
1 6 12 15 19 20 23 26 27 29 32
1 8 11 15 19 20 24 25 27 29 31
1 6 11 15 18 20 23 25 27 30 31
1 7 11 15 19 20 23 25 27 30 31
1 7 11 15 18 20 23 25 27 29 31
2 7 12 15 18 20 24 26 27 29 31
1 7 11 15 18 20 24 25 27 29 31
1 7 11 15 19 20 23 25 27 29 31
1 6 11 15 19 20 24 25 27 29 31
3 8 14 16 19 20 23 26 27 29 33
3 10 14 16 19 20 24 26 27 30 32
1 7 11 15 18 20 24 26 27 29 31
1 6 12 15 19 20 23 26 27 29 31
2 7 12 15 19 20 23 26 27 29 31
1 7 11 15 17 20 24 26 27 30 31
4 7 12 15 18 20 24 26 27 29 31
1 6 11 15 18 20 23 25 27 30 31
3 8 13 15 18 20 23 26 27 29 31
1 8 11 15 18 20 23 25 27 29 32
1 6 11 15 18 20 24 25 27 29 31
1 7 11 15 18 20 23 26 27 29 31
1 6 13 15 19 20 23 26 27 29 31
1 7 11 15 18 20 24 25 27 29 31
1 6 11 15 18 20 23 25 27 29 31
1 6 12 15 18 20 23 26 27 29 31
3 8 13 15 19 20 23 26 27 30 31
1 6 12 15 19 20 23 26 27 29 31
1 6 12 16 17 20 23 26 27 29 32
1 7 11 15 18 20 23 26 27 29 31
1 7 11 15 19 20 24 25 27 29 31
1 7 11 15 18 20 23 26 27 29 31
5 9 12 15 18 20 23 26 27 29 31
4 10 14 16 19 22 24 26 28 29 37
3 6 12 15 18 20 23 26 27 29 31
1 7 11 16 18 20 23 26 27 29 31
1 7 11 15 17 20 23 26 27 29 31
1 7 11 15 19 20 23 26 27 29 32
3 8 13 15 18 20 23 26 27 29 31
1 7 11 15 18 20 23 25 27 29 31
1 7 11 15 18 20 23 25 27 29 31
5 7 13 15 19 20 24 26 27 29 33
1 6 11 15 18 20 23 26 27 29 31
2 7 12 15 19 20 23 26 27 29 31
2 6 12 15 17 20 23 26 27 30 31
1 7 11 15 17 20 23 26 27 29 31
1 7 11 15 18 20 23 26 27 29 32
1 6 12 15 18 20 24 26 27 29 31
4 9 13 15 19 20 24 26 27 29 34
2 7 13 15 18 20 24 26 27 29 31
1 8 11 15 18 20 24 26 27 29 31
3 7 13 15 18 20 24 26 27 29 31
4 8 14 16 18 20 24 26 27 29 31
1 10 11 15 18 20 24 26 27 30 31
1 6 12 15 19 20 23 26 27 29 31
1 7 11 15 18 20 24 25 27 29 31
4 8 13 15 18 20 24 26 27 29 32
1 6 12 15 18 20 23 26 27 29 31
4 8 13 16 19 20 24 26 27 29 31
1 6 13 15 19 20 24 26 27 29 31
1 7 11 15 19 20 23 26 27 29 31
1 6 12 15 19 20 23 26 27 29 31
5 8 13 15 18 20 24 26 27 29 31
4 8 13 15 19 20 24 26 27 30 31
5 8 13 15 18 20 24 26 28 29 32
1 7 11 15 19 20 23 25 27 29 31
1 8 11 15 19 20 23 26 27 30 31
3 7 12 16 18 20 23 26 27 29 31
4 10 14 16 19 20 24 26 28 29 31
1 6 11 15 18 20 23 26 27 29 31
5 8 13 16 18 20 24 26 27 29 31
3 6 12 15 19 20 23 26 27 29 31
4 8 13 16 18 20 24 26 27 30 33
3 6 12 15 18 20 23 26 27 29 31
4 10 14 16 19 22 24 26 28 29 32
3 6 13 15 19 20 24 26 27 29 31
3 8 12 15 19 20 24 26 27 29 31
1 6 11 15 18 20 23 26 27 29 31
2 8 13 15 19 20 23 26 27 30 31
1 7 11 15 19 20 23 26 27 29 31
1 7 11 15 18 20 23 26 27 29 31
3 9 13 15 19 20 23 26 27 30 31
2 7 12 15 17 22 24 26 27 30 31
5 6 13 15 18 20 24 26 27 29 32
3 6 12 15 19 20 23 26 27 29 31
3 8 12 15 18 20 23 26 27 30 31
2 7 12 15 19 20 24 26 27 29 31
1 7 11 15 18 20 23 26 27 29 31
1 6 12 15 19 20 23 26 27 29 31
2 7 12 16 19 20 24 26 27 30 31
1 7 11 15 19 20 23 25 27 30 31
1 7 11 15 18 20 23 26 27 29 31
1 7 11 15 18 20 24 25 27 29 31
1 6 13 15 19 20 23 26 27 29 31
4 10 14 16 18 21 24 26 28 29 35
4 7 13 15 19 20 24 26 27 29 36
3 8 12 16 19 20 23 26 27 29 31
1 6 11 15 18 20 23 26 27 29 31
3 9 12 15 18 20 24 26 27 29 31
1 6 12 15 19 20 23 26 27 29 31
3 10 14 16 18 22 24 26 28 30 32
1 7 11 15 19 20 23 25 27 29 31
3 10 13 16 19 20 24 26 27 29 31
3 8 12 15 18 20 24 26 27 29 33
2 10 13 15 19 20 24 26 27 30 31
3 7 13 15 19 20 24 26 27 30 31
1 7 11 15 18 20 24 26 27 30 31
1 7 11 16 19 20 24 26 27 30 31
3 8 13 16 18 22 23 26 27 30 31
4 8 14 15 19 20 23 26 27 29 34
3 10 14 16 19 22 24 26 28 30 31
3 7 13 15 19 20 24 26 27 29 32
3 7 12 15 19 20 23 26 27 29 31
1 7 11 15 18 20 23 25 27 29 31
3 7 13 15 19 20 23 26 27 29 31
3 8 12 16 19 20 23 26 27 29 31
3 7 12 15 17 22 24 26 27 29 31
1 6 12 15 19 20 23 26 27 29 31
1 7 11 15 19 20 24 25 27 29 31
2 7 12 15 18 20 23 26 27 29 32
1 7 11 15 19 20 24 26 27 29 31
3 7 12 15 18 20 23 26 27 30 31
1 6 13 15 19 20 23 26 27 29 31
1 7 11 15 19 20 23 25 27 29 31
3 7 12 16 19 20 24 26 27 29 31
1 6 12 15 18 20 23 26 27 29 31
1 6 12 15 19 20 23 26 27 29 31
1 7 11 15 19 20 24 25 27 29 31
2 7 12 16 19 20 23 26 27 29 32
1 7 11 15 18 20 23 26 27 30 31
2 6 12 15 19 20 23 26 27 29 31
1 6 12 15 19 20 23 26 27 29 31
3 7 13 15 19 20 23 26 27 29 31
1 7 11 15 17 20 24 26 27 30 31
3 8 13 15 19 20 24 26 27 29 33
1 6 12 15 19 20 23 26 27 29 31
2 6 12 15 19 20 23 26 27 29 31
4 10 12 15 19 20 23 26 27 30 32
2 10 13 15 18 20 24 26 27 30 31
5 8 13 15 19 20 23 26 27 29 31
1 6 11 15 18 20 23 26 27 29 31
1 7 11 15 19 20 23 25 27 30 31
2 6 12 15 17 20 24 26 27 29 31
3 6 13 15 19 20 24 26 27 29 31
2 7 12 15 19 20 23 26 27 29 32
2 7 12 15 19 20 23 26 27 29 31
1 7 11 15 19 20 23 26 27 29 31
4 8 13 16 18 22 24 26 27 30 31
3 8 13 15 19 20 23 26 27 29 31
3 8 13 15 19 20 23 26 27 29 31
1 7 11 15 18 20 23 26 27 29 31
3 7 12 15 18 20 24 26 27 29 32
2 7 13 15 19 20 23 26 27 29 31
1 7 11 15 19 20 23 25 27 30 31
3 8 13 16 18 20 24 26 27 29 31
3 8 12 15 18 20 24 26 27 29 31
1 6 12 15 18 20 24 26 27 29 31
3 8 12 15 19 20 24 26 27 29 31
4 6 12 15 19 20 24 26 28 29 31
1 7 11 15 18 20 23 25 27 29 31
2 7 12 15 19 20 23 26 27 29 31
1 6 12 16 18 20 24 26 27 29 33
3 6 12 15 19 20 23 26 27 29 31
1 6 12 15 17 20 23 26 27 29 31
4 7 13 15 19 20 23 26 27 29 31
2 6 12 15 18 20 24 26 27 29 31
3 10 13 16 18 20 24 26 27 29 34
1 7 11 15 19 20 23 25 27 29 31
2 6 12 15 17 20 23 26 27 29 31
3 6 12 15 19 20 23 26 27 29 31
3 8 12 15 19 20 24 26 27 29 32
2 9 12 15 19 20 24 26 27 29 31
3 8 13 15 19 20 23 26 27 29 31
1 6 12 15 19 20 23 26 27 29 31
1 10 11 16 18 22 24 26 27 30 31
3 8 12 15 19 20 24 26 27 29 31
3 7 12 15 18 20 24 26 27 29 31
2 6 13 16 17 20 24 26 27 29 31
3 7 12 15 17 20 24 26 27 30 31
1 7 11 15 18 20 23 25 27 29 32
1 6 11 15 18 20 23 26 27 29 31
2 9 13 16 19 20 23 26 27 30 31
1 7 11 15 18 20 24 25 27 29 31
4 8 13 16 18 20 24 26 27 29 31
2 6 12 15 18 20 24 26 27 29 31
1 6 11 15 19 20 23 26 27 29 31
1 7 11 15 18 20 23 26 27 29 31
3 7 13 15 19 20 23 26 27 29 32
3 8 12 15 17 20 24 26 27 29 31
1 6 12 15 19 20 23 26 27 29 31
1 6 12 15 19 20 23 26 27 29 31
5 8 13 15 19 20 24 26 27 30 31
2 7 12 15 18 20 23 26 27 29 31
1 7 11 15 18 20 23 26 27 29 31
3 8 13 16 19 20 23 26 27 29 33
3 9 13 16 19 22 24 26 27 30 31
3 8 12 15 18 20 24 26 27 29 32
1 6 12 15 19 20 23 26 27 29 31
1 7 11 16 18 20 24 26 27 29 31
2 6 12 15 18 20 23 26 27 29 31
1 7 11 15 18 20 24 26 27 29 31
1 7 11 15 18 20 23 25 27 29 31
1 7 11 15 18 20 23 26 27 30 31
1 7 11 15 18 20 24 26 27 29 31
1 6 12 15 19 20 23 26 27 29 31
4 8 12 15 18 20 24 26 27 29 32
2 7 12 16 18 20 24 26 27 29 31
1 6 11 15 18 20 23 25 27 29 31
1 7 11 15 18 20 24 25 27 29 31
3 8 13 15 19 20 24 26 27 29 31
2 8 12 15 18 20 23 26 27 30 31
3 8 13 15 19 20 24 26 27 29 31
3 6 12 15 18 20 23 26 27 29 32
4 10 14 15 19 20 24 26 27 29 31
2 7 12 15 17 20 24 26 27 30 31
2 8 13 16 19 20 24 26 27 29 31
1 6 12 15 19 20 23 26 27 29 31
1 6 12 15 17 20 23 26 27 29 31
3 7 13 16 18 20 24 26 27 29 31
3 10 13 15 19 20 24 26 27 29 35
2 7 12 15 18 20 24 26 27 29 31
1 6 12 15 18 20 24 26 27 29 31
3 7 13 16 18 20 24 26 27 29 32
3 8 13 15 18 20 24 26 27 29 31
2 6 13 15 19 20 23 26 27 29 33
1 6 13 15 19 20 23 26 27 30 31
3 8 13 15 19 20 23 26 27 29 31
2 7 12 15 18 20 23 26 27 29 34
3 6 13 16 18 20 23 26 27 29 31
1 6 12 15 19 20 23 26 27 29 31
3 8 12 15 19 20 23 26 27 30 31
5 8 13 16 18 22 24 26 27 29 31
3 7 12 15 18 20 23 26 27 29 32
2 8 13 15 19 20 24 26 27 30 31
5 7 12 16 18 20 23 26 27 29 31
5 10 13 15 18 20 24 26 28 29 31
1 7 11 15 18 20 24 25 27 29 31
4 8 12 16 19 20 24 26 27 29 31
1 6 12 15 18 20 23 26 27 29 31
4 8 13 15 19 20 24 26 27 29 31
2 6 12 15 18 20 24 26 27 29 31
3 7 12 15 18 20 24 26 27 29 31
4 9 12 16 18 20 24 26 27 29 32
4 9 14 16 19 20 24 26 27 29 31
3 7 12 15 18 20 24 26 27 29 31
1 6 12 15 18 20 23 26 27 29 31
1 7 11 15 17 20 23 26 27 30 31
2 8 12 15 18 20 24 26 27 29 31
1 7 11 15 18 20 23 25 27 29 31
1 6 12 16 18 22 23 26 27 29 31
1 7 11 15 18 20 24 25 27 29 31
3 10 13 16 18 20 24 26 27 29 32
4 7 12 15 19 20 23 26 27 29 31
1 6 11 15 17 20 23 26 27 29 31
2 6 12 15 18 20 23 26 27 29 31
1 7 11 15 18 20 23 26 27 29 31
3 10 13 16 19 20 24 26 27 29 33
5 7 12 15 17 20 24 26 27 29 31
1 6 12 15 19 20 23 26 27 29 31
2 7 12 15 19 20 23 26 27 29 31
3 7 12 16 19 20 24 26 27 29 32
3 7 12 15 19 20 23 26 27 29 31
1 6 13 15 18 20 23 26 27 29 31
1 7 11 15 18 20 24 25 27 29 31
3 8 13 15 19 20 23 26 27 29 31
2 6 12 15 18 20 24 26 27 29 31
1 6 12 15 19 20 23 26 27 29 31
1 7 11 15 19 20 23 26 27 29 31
4 7 13 16 19 20 24 26 27 29 31
2 6 12 15 19 20 23 26 27 29 32
2 8 12 15 19 20 24 26 27 30 31
3 9 12 15 19 20 24 26 27 29 31
1 7 11 15 19 20 23 25 27 29 31
3 6 12 15 18 20 23 26 27 29 31
3 6 12 15 19 20 23 26 27 30 31
2 6 12 15 19 20 23 26 27 29 31
1 6 12 15 18 20 24 26 27 29 31
1 7 11 15 17 20 23 26 27 29 31
1 6 12 15 19 20 23 26 27 29 31
3 7 12 15 19 20 23 26 27 29 32
1 9 11 15 18 20 23 26 27 29 31
2 6 12 16 17 20 23 26 27 30 31
5 10 13 16 18 22 24 26 27 29 31
3 7 13 15 19 20 23 26 27 29 31
1 6 11 15 17 20 23 26 27 29 31
4 9 12 16 18 21 24 26 27 29 31
3 8 12 15 18 20 23 26 27 29 31
4 8 13 16 19 22 24 26 27 29 32
3 7 12 15 19 20 23 26 27 29 33
3 8 12 15 19 20 23 26 27 29 31
3 8 12 15 18 20 24 26 27 29 31
1 6 13 15 19 20 23 26 27 29 31
3 8 13 16 19 20 24 26 27 29 31
1 6 12 15 18 20 23 26 27 29 31
1 7 11 15 19 20 23 26 27 29 31
2 6 12 15 19 20 23 26 27 29 31
2 9 13 16 18 22 23 26 27 30 32
1 6 12 15 17 20 23 26 27 29 31
2 7 12 15 18 20 24 26 27 29 31
2 7 12 16 19 20 23 26 27 29 31
2 7 12 15 18 20 24 26 27 30 31
1 6 12 15 17 20 23 26 27 29 31
2 8 13 15 18 20 24 26 27 29 31
1 8 11 15 19 20 23 25 27 29 31
5 10 14 16 19 22 24 26 28 29 32
3 10 14 15 18 20 23 26 27 30 31
1 6 11 15 19 20 23 26 27 29 31
2 6 12 15 19 20 23 26 27 29 31
3 6 13 15 19 20 23 26 27 29 31
2 6 12 15 19 20 23 26 27 29 31
1 7 11 15 19 20 23 25 27 29 31
3 8 12 15 19 20 23 26 27 29 31
3 7 12 16 19 21 23 26 27 29 32
2 6 12 15 18 20 23 26 27 29 31
1 6 13 15 19 20 23 26 27 29 31
3 10 12 15 19 20 24 26 27 30 33
1 6 12 15 19 20 23 26 27 29 31
1 7 11 15 18 20 23 26 27 30 31
2 6 12 15 17 20 24 26 27 29 31
2 7 12 15 19 20 24 26 27 29 32
2 6 12 15 18 22 23 26 27 30 31
3 8 12 15 19 20 24 26 27 30 31
3 7 12 16 18 22 24 26 27 29 31
2 6 12 15 18 20 23 26 27 29 31
1 7 11 15 19 20 24 25 27 29 31
3 8 12 15 18 20 24 26 27 30 31
3 8 13 15 19 20 24 26 27 29 31
1 6 12 15 19 20 23 26 27 30 32
1 6 12 15 18 20 23 26 27 29 31
1 7 11 15 19 20 24 25 27 29 31
1 7 11 15 19 20 24 26 27 29 31
1 6 11 15 18 20 23 26 27 29 31
2 6 12 15 18 20 23 26 27 29 31
1 7 11 15 19 20 23 25 27 29 31
2 6 12 15 18 20 23 26 27 29 31
2 6 12 15 18 20 23 26 27 29 31
2 9 13 15 18 20 24 26 27 30 32
1 7 11 15 18 20 23 26 27 29 31
3 7 12 15 19 20 23 26 27 29 31
3 8 13 15 18 20 23 26 27 30 31
2 9 13 15 19 20 23 26 27 30 31
1 7 11 15 19 20 23 25 27 29 31
1 7 11 15 18 20 23 26 27 29 31
3 8 13 15 19 20 24 26 27 29 31
1 6 12 15 19 20 23 26 27 29 31
3 6 12 15 19 20 23 26 27 29 31
