4 7 12 16 18 22 24 26 27 30 31
2 7 12 15 18 20 24 26 27 29 31
1 6 13 15 19 20 23 26 27 29 31
1 6 12 15 19 20 23 26 27 29 31
3 6 12 15 19 20 23 26 27 29 31
1 6 12 15 19 20 23 26 27 29 31
1 7 11 16 18 20 23 25 27 29 31
3 6 12 15 18 20 23 26 27 29 31
1 6 12 15 19 20 23 26 27 30 32
1 8 11 15 19 20 23 26 27 29 31
3 8 13 15 19 20 24 26 27 29 31
1 6 12 15 18 20 23 26 27 29 31
1 8 11 15 18 20 24 26 27 29 31
3 8 13 15 18 20 24 26 27 29 32
1 6 12 15 19 20 23 26 27 29 31
1 6 12 15 18 20 24 26 27 29 31
2 10 13 15 19 20 23 26 27 29 31
1 8 11 15 19 20 24 26 27 30 31
5 7 13 16 18 20 24 26 27 29 33
5 8 13 15 18 20 24 26 27 29 31
1 6 12 15 19 20 23 26 27 29 31
3 7 12 15 19 20 23 26 27 30 31
1 7 11 15 17 20 23 26 27 29 31
1 6 12 15 18 20 24 26 27 29 31
1 7 11 15 18 20 23 25 27 30 31
4 7 13 15 18 20 24 26 27 29 31
1 7 11 15 18 20 24 25 27 29 31
3 7 12 15 19 20 23 26 27 29 31
3 7 12 16 19 20 24 26 27 29 31
1 7 11 15 19 20 23 25 27 29 32
1 6 11 15 19 20 23 26 27 29 31
2 7 12 15 18 20 24 26 27 30 31
1 7 11 15 18 20 23 25 27 29 31
1 6 11 15 19 20 24 26 27 29 31
4 7 12 15 19 20 23 26 27 29 37
3 8 13 15 19 20 24 26 27 29 31
1 6 12 15 17 20 23 26 27 29 31
1 8 11 15 18 20 24 25 27 29 31
1 7 11 15 19 20 23 26 27 30 31
2 7 13 16 19 22 23 26 27 29 31
3 6 12 15 19 20 23 26 27 29 31
4 8 12 15 18 20 24 26 27 29 35
4 8 13 16 18 22 24 26 27 30 31
4 10 13 15 19 20 23 26 27 30 31
2 6 12 15 19 20 23 26 27 29 31
1 7 11 15 18 20 24 26 27 29 31
3 6 13 16 19 21 24 26 27 29 31
1 6 12 15 17 20 23 26 27 29 31
1 8 11 15 19 20 23 25 27 30 33
5 10 13 16 18 20 24 26 28 29 32
3 8 13 15 18 20 23 26 27 30 31
1 7 11 15 18 20 23 25 27 29 31
1 7 11 15 18 20 23 26 27 29 31
4 8 12 15 18 20 24 26 27 29 32
1 7 11 15 19 20 23 25 27 29 31
2 6 12 15 19 20 23 26 27 29 31
1 7 12 15 19 20 23 26 27 29 31
2 7 12 15 18 20 24 26 27 30 31
2 6 13 15 19 20 23 26 27 30 31
1 6 12 15 19 20 23 26 27 29 32
2 8 12 15 19 20 24 26 27 30 31
1 6 12 15 19 20 23 26 27 29 32
3 7 12 15 19 20 23 26 27 29 31
1 6 12 15 18 20 23 26 27 29 31
2 6 12 15 18 20 23 26 27 29 31
2 6 12 15 18 20 23 26 27 29 31
4 8 13 15 19 20 23 26 27 29 31
4 7 13 16 18 20 24 26 27 29 31
1 7 11 15 19 20 23 26 27 29 31
1 6 13 15 18 20 23 26 27 29 31
1 7 11 15 19 20 23 25 27 29 33
1 6 11 15 18 20 23 26 27 29 31
1 7 11 15 19 20 23 26 27 29 32
1 6 12 15 17 20 23 26 27 29 31
2 8 12 15 19 20 24 26 27 29 31
1 6 12 15 19 20 23 26 27 29 31
3 8 13 15 19 20 24 26 27 29 32
1 7 11 15 18 20 23 26 27 29 31
1 6 12 15 19 20 23 26 27 29 31
4 8 12 16 18 20 24 26 27 29 32
2 7 12 15 18 20 23 26 27 30 32
5 10 14 16 18 20 24 26 27 29 35
1 7 11 15 17 20 24 26 27 29 31
1 6 12 15 17 20 23 26 27 29 31
4 7 12 15 18 20 23 26 27 29 31
5 8 13 16 19 22 24 26 27 30 31
2 6 13 15 19 20 23 26 27 29 31
2 6 12 15 17 20 23 26 27 29 31
1 6 12 15 19 20 23 26 27 30 31
3 7 12 15 19 20 24 26 27 29 31
3 8 13 16 19 21 23 26 27 29 31
2 6 12 15 18 20 23 26 27 29 31
1 6 12 15 19 20 23 26 27 29 31
3 8 13 15 19 20 23 26 27 29 31
1 7 11 15 17 20 24 26 27 29 31
1 7 11 15 19 20 23 25 27 30 31
1 6 12 15 18 20 23 26 27 29 31
1 6 11 15 19 20 23 26 27 29 31
1 6 12 15 19 20 23 26 27 29 31
1 7 11 15 19 20 23 25 27 30 31
3 8 13 15 18 20 23 26 27 29 31
3 8 13 15 19 20 23 26 27 30 31
1 7 11 15 18 20 23 26 27 29 31
1 7 11 15 18 20 23 25 27 29 31
5 7 13 15 19 20 24 26 27 29 33
1 7 11 15 18 20 23 26 27 29 32
1 6 12 15 18 20 24 26 27 29 31
4 8 14 16 18 20 24 26 27 29 31
1 6 12 15 19 20 23 26 27 29 31
1 6 12 15 18 20 23 26 27 29 31
1 6 11 15 18 20 23 26 27 29 31
2 8 13 15 19 20 23 26 27 30 31
1 7 11 15 18 20 23 26 27 29 31
1 6 11 15 18 20 23 26 27 29 31
3 7 12 15 19 20 23 26 27 29 31
3 7 13 15 19 20 23 26 27 29 31
3 7 12 15 18 20 24 26 27 29 32
4 6 12 15 19 20 24 26 28 29 31
3 6 12 15 19 20 23 26 27 29 31
3 7 13 15 19 20 23 26 27 29 32
3 8 12 15 17 20 24 26 27 29 31
1 6 12 15 19 20 23 26 27 29 31
2 7 12 15 18 20 23 26 27 29 31
1 7 11 16 18 20 24 26 27 29 31
1 7 11 15 18 20 23 25 27 29 31
3 7 13 16 18 20 24 26 27 29 32
1 7 11 15 18 20 24 25 27 29 31
4 8 13 15 19 20 24 26 27 29 31
4 9 12 16 18 20 24 26 27 29 32
3 10 13 16 19 20 24 26 27 29 33
1 7 11 15 19 20 23 25 27 29 31
1 6 12 15 18 20 24 26 27 29 31
3 8 12 15 18 20 24 26 27 29 31
2 9 13 16 18 22 23 26 27 30 32
1 7 11 15 19 20 24 25 27 29 31
1 7 11 15 19 20 24 25 27 29 31
2 6 12 15 18 20 23 26 27 29 31
1 7 11 15 18 20 23 26 27 29 31
3 8 13 15 19 20 24 26 27 29 31
