3 7 12 16 20 28 30 34 38 44
3 7 12 16 19 25 32 34 41 42
3 7 13 16 20 28 29 34 38 43
3 7 12 17 20 27 30 34 40 42
4 5 9 18 20 28 33 34 41 43
2 7 12 18 20 28 30 34 41 44
2 8 9 18 20 24 32 36 38 48
3 6 12 16 22 28 30 34 38 42
3 7 12 16 20 25 32 34 38 42
3 7 12 16 20 26 32 34 41 42
3 5 10 17 20 27 33 34 38 46
2 8 9 18 22 25 32 36 38 48
3 7 9 16 23 24 33 34 38 43
3 7 12 17 20 27 30 34 38 44
3 8 9 18 22 24 30 36 38 48
3 5 10 17 22 28 33 34 38 46
2 7 12 18 20 28 29 34 38 43
3 7 12 16 21 28 30 34 41 42
3 7 11 17 21 28 30 35 38 43
3 7 12 16 19 25 30 36 38 42
2 7 12 17 20 28 29 34 38 43
