3 7 12 16 20 28 30 34 41 43
3 8 12 16 19 27 30 35 38 42
2 6 11 17 22 28 30 35 41 43
3 7 12 16 20 28 30 34 38 42
2 8 9 18 22 24 30 36 38 48
3 5 12 16 22 28 30 34 41 43
3 7 13 16 19 25 30 34 38 42
3 7 13 16 20 28 30 34 38 43
3 8 13 16 19 25 32 34 38 42
3 7 12 16 20 28 30 34 38 44
3 7 13 17 19 27 29 34 41 43
3 8 9 18 21 24 30 36 38 48
3 7 12 16 20 28 30 34 41 42
2 7 11 16 21 28 30 34 41 43
3 7 12 16 19 25 32 34 41 42
3 7 13 16 20 28 29 34 38 43
3 6 12 16 21 28 30 34 38 42
2 8 9 18 21 25 30 36 38 48
2 7 12 17 20 27 29 34 38 43
3 8 11 17 20 24 32 34 38 47
3 7 12 17 20 27 30 34 40 42
2 7 12 16 20 27 30 34 38 44
2 7 12 17 20 28 29 34 38 43
2 7 12 17 22 28 29 34 41 42
2 8 9 18 22 24 30 36 41 48
3 7 12 16 20 28 31 34 41 42
4 5 9 18 20 28 33 34 41 43
3 6 9 17 22 26 33 34 38 46
3 7 12 16 19 27 30 34 38 42
4 7 9 16 19 26 33 34 41 43
3 6 12 16 21 28 30 34 38 42
3 8 9 18 22 24 30 36 38 48
2 7 12 18 20 28 30 34 41 44
2 7 12 17 20 28 29 34 41 43
2 6 11 17 22 28 30 34 38 43
3 7 12 16 21 27 30 34 38 42
4 5 9 18 19 28 33 37 41 43
2 8 9 18 20 24 32 36 38 48
2 8 10 17 23 24 29 34 38 47
3 7 12 16 20 28 30 34 38 42
2 7 12 16 20 27 30 34 38 43
4 7 9 17 20 26 33 34 38 46
3 7 12 16 20 28 29 34 38 42
3 8 12 16 19 25 32 34 38 44
2 6 12 17 22 28 29 34 38 43
3 6 12 17 21 28 30 34 38 42
2 7 12 16 20 28 29 34 38 43
2 7 12 17 21 28 29 34 41 43
4 8 12 16 19 25 32 34 41 42
4 5 9 16 21 24 33 34 38 43
2 8 9 18 21 24 30 36 38 48
3 6 11 16 22 27 31 34 41 42
2 7 12 17 21 28 29 34 38 43
2 7 12 16 21 27 30 34 38 44
3 8 13 16 19 24 32 34 38 42
2 8 11 18 19 28 29 36 38 46
2 6 12 17 22 28 29 34 38 43
3 6 12 16 21 28 30 34 41 42
4 8 10 16 19 26 30 36 38 48
3 8 11 17 20 24 32 34 38 47
2 7 12 17 21 26 29 34 38 42
3 7 12 17 20 28 29 34 38 43
2 6 12 17 21 28 29 34 41 42
3 7 12 17 20 27 30 34 38 43
2 7 12 16 20 28 30 34 38 44
2 8 9 18 22 24 30 36 38 48
3 7 13 16 19 26 32 34 41 42
2 7 12 17 20 28 29 34 38 43
3 6 12 16 22 28 30 34 38 42
2 7 9 18 19 28 29 34 38 46
3 7 12 16 20 25 32 34 38 42
2 8 9 18 22 25 31 36 40 48
3 7 13 16 20 27 30 34 38 43
3 6 12 16 21 28 30 34 38 42
3 7 13 16 20 28 29 34 41 43
3 7 12 16 21 25 30 34 38 44
3 7 12 16 20 26 32 34 41 42
2 7 12 17 21 28 29 34 38 43
3 8 9 16 22 24 33 34 38 47
2 8 9 18 22 24 30 36 38 48
3 6 12 16 20 28 30 34 38 42
3 7 11 17 20 27 32 36 41 43
2 8 11 18 20 28 29 34 38 43
3 5 10 17 20 27 33 34 38 46
3 7 13 16 19 25 32 34 38 42
2 7 12 17 21 28 29 34 38 43
2 5 12 16 21 28 30 34 38 44
3 7 12 16 21 27 29 34 38 42
2 7 12 18 20 28 29 34 38 43
3 8 12 18 19 28 29 36 38 48
4 7 11 16 19 25 33 34 38 43
3 8 12 16 20 27 29 34 38 42
3 7 12 16 20 28 30 34 41 43
3 7 12 16 22 27 30 34 41 42
3 7 12 16 21 27 30 34 41 43
3 7 12 16 20 28 30 34 38 48
2 7 9 18 22 28 32 34 38 46
1 8 9 15 23 24 29 34 38 47
3 7 12 17 20 28 30 34 38 44
2 6 12 18 22 28 29 34 41 43
3 7 12 16 20 25 30 34 38 42
3 7 12 18 20 28 29 34 38 43
1 7 12 16 21 28 30 34 41 42
3 8 11 18 19 28 32 34 38 48
2 7 12 17 20 28 29 34 38 43
3 7 11 16 21 27 31 34 41 42
3 6 11 17 21 28 31 34 38 43
3 8 9 18 22 24 30 36 38 48
3 7 9 17 20 26 33 34 38 46
2 8 12 18 19 25 29 34 41 43
2 6 12 17 21 28 29 34 41 42
3 7 13 16 20 27 30 34 41 43
3 7 12 16 21 28 30 34 41 42
2 8 9 18 22 25 32 36 38 48
3 8 9 18 20 24 32 34 38 47
3 7 9 16 23 24 33 34 38 43
3 7 12 17 20 27 30 34 38 44
3 7 12 16 20 28 30 34 38 43
3 7 11 16 20 27 31 34 38 42
2 7 12 17 21 28 29 34 41 43
2 8 10 18 21 24 30 36 38 48
3 7 12 16 20 27 30 34 38 42
3 6 10 18 20 28 32 34 38 46
3 7 11 17 20 27 32 34 41 43
2 7 12 16 20 27 30 34 38 42
4 5 9 16 22 24 33 34 38 43
3 7 12 17 20 27 30 34 41 42
2 8 9 18 22 24 30 36 40 48
3 7 12 16 20 25 30 35 41 44
3 7 13 16 20 27 29 34 38 43
3 8 13 16 19 25 31 34 38 42
2 7 12 17 22 26 29 34 38 43
3 8 12 16 20 25 30 34 38 42
3 7 13 16 20 27 30 34 41 43
3 8 9 18 20 24 33 34 38 47
2 8 9 18 20 25 31 36 38 48
3 6 12 16 21 28 30 34 38 42
3 7 12 17 20 28 30 34 41 43
3 7 10 18 20 28 32 36 41 46
3 8 12 16 19 26 31 34 41 44
2 7 12 17 21 28 29 34 38 43
3 7 12 16 22 27 30 34 38 42
2 8 9 18 21 24 30 36 38 48
2 7 12 17 22 25 30 34 41 43
3 7 12 16 22 28 29 34 38 42
3 7 12 16 20 27 30 34 38 43
4 8 11 16 19 25 33 34 38 43
3 7 12 16 20 25 32 34 38 42
3 8 9 18 22 24 30 36 38 48
4 5 9 16 19 25 33 34 41 43
2 7 12 16 20 27 30 34 41 44
3 7 12 16 20 26 32 34 41 42
3 7 9 18 21 27 33 34 38 46
3 7 12 16 20 28 30 34 41 42
3 7 11 16 20 24 32 34 38 47
3 8 9 18 21 24 30 36 41 48
3 7 12 16 21 28 29 34 38 42
2 7 12 17 21 27 30 34 38 43
3 7 11 16 20 27 31 34 38 42
2 7 12 17 21 28 29 34 38 43
3 7 12 17 19 28 30 34 41 44
2 8 9 18 22 25 31 36 41 48
3 8 12 16 20 27 30 34 38 42
2 7 12 17 21 28 29 34 41 43
3 7 12 16 20 25 32 34 40 42
3 5 10 17 22 28 33 34 38 46
3 7 12 16 20 28 30 34 41 43
3 6 12 16 21 28 30 34 38 42
2 5 9 16 23 28 30 34 38 48
2 7 12 18 20 28 29 34 38 43
3 7 12 16 21 28 30 34 41 42
2 7 12 16 20 27 30 34 38 44
3 7 12 16 20 28 30 34 38 42
3 8 11 17 20 24 32 34 38 47
3 6 12 16 21 28 30 34 38 42
3 8 9 16 20 25 33 34 41 43
3 6 12 16 22 28 30 34 38 42
3 7 11 17 21 28 30 35 38 43
2 7 9 18 19 28 29 34 38 46
3 6 12 16 21 28 30 34 41 42
2 8 9 18 22 24 30 36 38 48
3 7 13 17 20 27 30 34 41 43
3 8 13 16 19 24 32 34 38 44
3 7 12 16 19 25 30 36 38 42
3 7 9 16 20 26 33 34 38 43
3 7 12 16 20 28 31 34 41 43
1 7 11 18 20 28 29 36 38 48
3 7 12 17 20 28 30 34 38 42
3 6 11 16 22 26 32 34 41 43
3 8 13 16 19 25 32 34 38 42
3 8 9 17 19 26 33 34 41 43
2 7 12 17 20 28 29 34 38 43
2 7 12 17 21 28 29 34 38 43
