2 8 9 18 22 24 30 36 38 48
3 7 12 16 20 28 30 34 41 42
2 7 12 17 20 28 29 34 41 43
3 7 12 16 20 28 29 34 38 42
2 6 12 17 22 28 29 34 38 43
2 7 12 16 20 28 30 34 38 44
3 8 9 16 22 24 33 34 38 47
3 6 12 16 20 28 30 34 38 42
1 8 9 15 23 24 29 34 38 47
3 7 12 17 20 28 30 34 38 44
3 7 12 16 20 25 30 34 38 42
3 8 9 18 20 24 32 34 38 47
3 7 12 16 20 25 30 35 41 44
3 7 13 16 20 27 29 34 38 43
3 7 12 16 20 25 32 34 38 42
4 5 9 16 19 25 33 34 41 43
2 7 12 17 21 28 29 34 38 43
3 7 12 17 19 28 30 34 41 44
3 7 12 16 20 25 32 34 40 42
3 7 12 16 20 28 30 34 38 42
3 6 12 16 22 28 30 34 38 42
3 6 12 16 21 28 30 34 41 42
