3 7 12 16 20 28 30 34 38 42
3 8 9 18 21 24 30 36 38 48
2 7 12 17 20 27 29 34 38 43
3 6 9 17 22 26 33 34 38 46
3 8 9 18 22 24 30 36 38 48
4 7 9 17 20 26 33 34 38 46
4 5 9 16 21 24 33 34 38 43
2 6 12 17 22 28 29 34 38 43
3 8 11 17 20 24 32 34 38 47
2 7 9 18 19 28 29 34 38 46
2 7 9 18 22 28 32 34 38 46
2 6 12 18 22 28 29 34 41 43
2 7 12 17 22 26 29 34 38 43
3 7 10 18 20 28 32 36 41 46
3 7 12 16 20 27 30 34 38 43
4 8 11 16 19 25 33 34 38 43
3 8 12 16 20 27 30 34 38 42
2 7 12 16 20 27 30 34 38 44
2 8 9 18 22 24 30 36 38 48
3 7 12 16 20 28 31 34 41 43
1 7 11 18 20 28 29 36 38 48
3 8 13 16 19 25 32 34 38 42
