3 8 12 16 19 27 30 35 38 42
2 6 11 17 22 28 30 35 41 43
2 7 12 16 20 27 30 34 38 44
2 6 11 17 22 28 30 34 38 43
4 5 9 18 19 28 33 37 41 43
2 8 10 17 23 24 29 34 38 47
4 8 10 16 19 26 30 36 38 48
3 7 12 17 20 27 30 34 38 43
2 7 12 17 21 28 29 34 38 43
2 8 9 18 22 24 30 36 38 48
1 7 12 16 21 28 30 34 41 42
3 7 11 16 21 27 31 34 41 42
3 6 11 17 21 28 31 34 38 43
3 7 11 16 20 27 31 34 38 42
3 7 12 16 20 27 30 34 38 42
3 6 10 18 20 28 32 34 38 46
2 7 12 16 20 27 30 34 38 42
2 7 12 17 21 28 29 34 38 43
2 8 9 18 21 24 30 36 38 48
3 7 11 16 20 24 32 34 38 47
2 5 9 16 23 28 30 34 38 48
3 7 12 17 20 28 30 34 38 42
