3 5 12 16 22 28 30 34 41 43
3 7 13 16 19 25 30 34 38 42
3 7 13 16 20 28 30 34 38 43
3 8 13 16 19 25 32 34 38 42
3 7 12 16 20 28 31 34 41 42
3 7 12 16 20 28 30 34 38 42
3 8 12 16 19 25 32 34 38 44
3 6 12 17 21 28 30 34 38 42
3 8 13 16 19 24 32 34 38 42
2 8 9 18 22 25 31 36 40 48
3 7 13 16 20 28 29 34 41 43
4 7 11 16 19 25 33 34 38 43
3 8 12 16 20 27 29 34 38 42
3 7 9 17 20 26 33 34 38 46
4 5 9 16 22 24 33 34 38 43
3 8 9 18 20 24 33 34 38 47
2 7 12 16 20 27 30 34 41 44
3 7 12 16 20 26 32 34 41 42
3 8 9 18 21 24 30 36 41 48
3 7 11 16 20 27 31 34 38 42
3 6 12 16 21 28 30 34 38 42
3 8 9 16 20 25 33 34 41 43
