3 7 12 16 20 28 30 34 41 43
3 7 13 17 19 27 29 34 41 43
3 6 12 16 21 28 30 34 38 42
3 8 11 17 20 24 32 34 38 47
2 7 12 17 22 28 29 34 41 42
3 7 12 16 21 27 30 34 38 42
2 7 12 16 20 28 29 34 38 43
2 7 12 17 21 28 29 34 41 43
4 8 12 16 19 25 32 34 41 42
2 8 9 18 22 24 30 36 38 48
2 8 11 18 20 28 29 34 38 43
3 7 13 16 19 25 32 34 38 42
2 5 12 16 21 28 30 34 38 44
3 8 9 18 22 24 30 36 38 48
3 7 11 17 20 27 32 34 41 43
2 8 9 18 22 24 30 36 40 48
3 8 13 16 19 25 31 34 38 42
3 8 12 16 19 26 31 34 41 44
3 7 9 18 21 27 33 34 38 46
2 7 12 17 21 27 30 34 38 43
2 8 9 18 22 25 31 36 41 48
