3 7 12 16 19 27 30 34 38 42
3 6 12 16 21 28 30 34 38 42
2 8 9 18 21 24 30 36 38 48
2 7 12 17 21 28 29 34 38 43
2 6 12 17 21 28 29 34 41 42
2 7 12 17 20 28 29 34 38 43
3 7 13 16 20 27 30 34 38 43
3 7 11 17 20 27 32 36 41 43
2 7 12 17 21 28 29 34 38 43
3 7 12 16 21 27 29 34 38 42
3 7 12 16 22 27 30 34 41 42
2 7 12 17 21 28 29 34 41 43
2 8 10 18 21 24 30 36 38 48
3 7 12 17 20 27 30 34 41 42
3 8 12 16 20 25 30 34 38 42
3 7 12 16 22 27 30 34 38 42
2 7 12 17 22 25 30 34 41 43
3 7 12 16 21 28 29 34 38 42
2 7 9 18 19 28 29 34 38 46
3 7 9 16 20 26 33 34 38 43
2 7 12 17 21 28 29 34 38 43
