2 7 11 16 21 28 30 34 41 43
2 8 9 18 21 25 30 36 38 48
2 8 9 18 22 24 30 36 41 48
3 6 11 16 22 27 31 34 41 42
2 7 12 16 21 27 30 34 38 44
2 8 11 18 19 28 29 36 38 46
2 7 12 17 21 26 29 34 38 42
3 6 12 16 21 28 30 34 38 42
3 8 12 18 19 28 29 36 38 48
3 7 12 16 20 28 30 34 41 43
3 7 12 18 20 28 29 34 38 43
2 7 12 17 20 28 29 34 38 43
2 6 12 17 21 28 29 34 41 42
3 7 13 16 20 27 30 34 41 43
3 7 12 16 22 28 29 34 38 42
3 7 12 16 20 28 30 34 41 42
3 7 12 16 20 28 30 34 41 43
3 8 11 17 20 24 32 34 38 47
3 7 13 17 20 27 30 34 41 43
3 6 11 16 22 26 32 34 41 43
3 8 9 17 19 26 33 34 41 43
