3 7 9 17 22 25 33 34 41 46
2 7 12 17 21 26 29 34 38 43
3 6 12 16 22 28 30 34 40 42
2 8 9 18 21 25 31 36 38 48
4 6 9 16 20 25 33 34 38 43
2 7 12 17 21 28 29 34 38 43
3 8 12 14 20 25 30 34 38 42
2 8 9 18 21 24 30 36 38 48
3 7 12 16 21 28 30 34 38 42
2 8 12 16 21 26 29 34 41 43
3 7 12 16 20 26 32 34 41 42
3 7 12 16 20 25 30 34 38 44
3 7 12 16 21 28 30 34 38 42
3 7 12 16 21 28 29 34 38 42
3 7 12 16 20 25 32 34 38 42
2 7 12 17 20 27 29 34 38 43
3 7 12 18 20 28 29 34 38 43
3 7 12 17 21 28 29 34 38 43
2 7 12 17 20 28 29 34 41 43
3 8 9 18 20 28 29 36 38 48
3 6 12 16 21 28 30 34 38 42
