2 7 12 17 20 28 29 34 38 43
4 7 9 16 19 26 33 34 41 43
2 7 12 16 20 27 30 34 38 43
3 6 12 16 21 28 30 34 41 42
3 7 12 17 20 28 29 34 38 43
3 7 13 16 19 26 32 34 41 42
3 7 12 16 21 25 30 34 38 44
2 7 12 18 20 28 29 34 38 43
3 7 12 16 21 27 30 34 41 43
3 7 12 16 20 28 30 34 38 48
3 8 11 18 19 28 32 34 38 48
2 8 12 18 19 25 29 34 41 43
3 7 12 16 21 28 30 34 41 42
3 7 12 16 20 28 30 34 38 43
3 7 13 16 20 27 30 34 41 43
2 8 9 18 20 25 31 36 38 48
3 6 12 16 21 28 30 34 38 42
3 7 12 17 20 28 30 34 41 43
2 7 12 17 21 28 29 34 41 43
3 6 12 16 21 28 30 34 38 42
3 8 13 16 19 24 32 34 38 44
