1 6 8 11 18 21 23 30 31 33 38 41 45 48
1 6 9 11 16 21 23 30 31 33 38 41 45 48
1 5 9 11 16 21 23 30 31 33 39 41 45 48
1 6 7 11 16 21 23 30 31 33 39 41 47 49
2 5 9 11 16 22 23 28 31 33 38 41 45 48
3 5 8 11 18 21 23 30 31 33 38 43 45 48
1 6 9 11 19 21 25 30 31 33 38 41 45 48
1 6 8 14 17 21 25 30 31 33 38 42 47 49
3 5 10 11 16 21 23 30 32 33 39 41 45 49
1 6 10 11 16 22 25 30 32 33 40 41 47 49
1 5 10 15 17 22 25 30 32 36 40 43 47 51
3 5 10 11 20 21 25 30 31 33 38 41 45 49
1 5 9 11 16 21 23 30 31 33 39 41 45 48
2 6 9 11 16 21 25 30 31 33 39 41 45 49
3 5 9 11 16 21 23 29 31 33 39 42 47 50
3 5 9 11 16 21 24 30 31 33 39 41 45 48
1 6 10 11 16 21 25 30 31 33 38 41 45 48
1 6 9 11 16 22 25 30 31 33 39 41 45 48
1 6 10 11 18 21 25 30 31 33 38 43 47 49
3 6 10 11 16 21 25 30 31 33 38 43 46 49
1 6 8 11 16 21 25 30 31 33 38 41 45 48
3 6 10 11 20 22 25 30 32 33 38 44 47 51
1 5 8 11 16 21 23 30 31 33 38 41 45 48
1 6 10 11 18 21 25 30 31 33 38 42 45 50
1 6 9 11 16 22 23 30 31 33 40 41 47 48
2 6 10 11 16 21 23 30 32 33 38 42 47 50
1 6 10 11 17 21 25 30 32 33 39 43 45 51
1 6 9 11 16 21 25 30 31 33 39 41 47 48
3 5 9 11 16 21 25 30 31 33 38 41 45 48
1 6 8 11 16 22 23 30 31 33 38 41 45 48
