1 6 8 11 18 21 23 30 31 33 38 41 45 48
1 6 9 11 16 22 23 30 31 33 38 42 47 48
1 6 8 11 16 21 25 30 31 33 38 42 45 49
1 6 10 11 16 21 25 30 32 33 38 41 47 48
1 6 9 11 16 21 25 30 32 33 39 41 47 48
1 5 10 14 19 21 24 30 32 35 39 41 45 50
1 5 9 11 16 21 25 30 31 33 39 41 45 48
2 5 10 11 16 21 25 30 31 33 39 43 47 51
2 6 10 11 16 21 25 30 32 33 39 42 47 49
1 6 8 11 19 21 23 30 31 33 38 41 45 48
3 5 10 11 18 21 23 30 31 33 39 43 45 48
1 6 9 14 16 22 23 30 31 33 38 41 47 48
1 6 10 11 16 22 25 30 32 33 39 47 49
1 6 9 11 16 21 23 30 31 33 38 41 45 48
1 5 10 11 16 21 24 30 32 33 39 42 47 51
1 5 10 11 18 21 25 30 31 33 38 42 45 48
1 5 9 11 16 21 23 30 31 33 39 41 45 48
1 6 10 11 16 21 23 30 31 33 39 42 47 49
1 6 9 11 16 21 23 30 31 33 38 41 45 48
1 6 10 11 18 21 24 30 31 36 40 44 46 52
3 5 7 11 16 21 23 30 31 33 40 41 45 48
3 6 10 11 16 21 23 30 32 36 39 42 47 50
1 5 9 11 16 21 23 30 31 33 38 42 45 48
3 6 10 11 16 22 23 30 31 33 39 43 47 51
1 6 7 11 16 21 23 30 31 33 39 41 47 49
2 5 9 11 16 22 23 28 31 33 38 41 45 48
1 6 7 11 16 21 25 30 31 33 39 41 46 48
1 5 9 11 16 21 23 30 31 33 39 42 45 48
3 6 7 11 17 22 25 30 31 33 39 42 45 49
3 6 10 11 16 21 25 30 32 33 38 42 45 50
3 6 10 11 18 21 25 30 31 33 39 41 45 48
1 6 10 11 16 21 25 30 32 33 39 42 45 51
1 6 9 11 16 21 23 30 31 33 38 45 48
3 5 8 11 18 21 23 30 31 33 38 43 45 48
1 6 10 11 16 21 25 30 32 33 39 42 45 49
1 5 10 11 16 21 25 30 31 33 38 41 45 48
1 6 8 11 16 21 25 30 31 33 38 41 45 48
1 5 10 11 20 22 25 30 32 33 39 41 47 50
1 5 10 11 16 21 25 30 32 33 39 41 45 48
1 6 10 11 16 21 23 30 31 33 39 41 47 51
2 6 10 11 16 21 25 30 32 33 39 43 47 52
1 5 9 11 16 21 25 30 31 33 38 41 45 48
3 5 9 11 16 21 25 30 31 33 39 42 45 48
1 6 9 11 19 21 25 30 31 33 38 41 45 48
3 6 9 11 16 21 25 30 31 33 39 41 47 49
3 6 10 11 16 21 25 30 32 36 38 43 47 50
1 6 9 11 16 22 25 30 31 33 38 44 45 48
1 6 10 11 16 21 23 30 32 37 40 41 47 51
1 5 10 11 16 21 25 30 31 33 39 41 45 48
1 6 8 11 16 21 23 30 31 33 38 41 45 48
1 6 8 14 17 21 25 30 31 33 38 42 47 49
1 6 9 11 16 21 25 30 31 33 40 42 45 48
1 6 10 11 16 21 25 30 31 33 38 41 45 48
3 5 10 11 16 21 23 30 32 33 39 41 45 49
1 6 10 11 17 21 25 30 32 33 38 41 47 49
1 6 9 11 16 21 23 30 31 35 40 41 45 48
4 6 10 11 18 21 25 30 32 33 38 44 45 52
3 6 10 11 17 21 25 30 32 33 39 44 45 50
1 6 10 11 17 21 23 28 32 33 39 43 47 51
2 6 7 14 16 21 25 30 31 36 40 41 47 48
3 5 9 11 16 21 25 30 31 33 39 41 45 48
1 6 8 11 16 21 25 30 31 33 38 41 47 48
1 6 9 11 16 21 23 30 31 33 38 41 45 48
2 6 10 11 18 21 25 30 31 33 39 43 47 50
1 6 10 11 16 22 25 30 32 33 40 41 47 49
1 6 10 11 16 21 25 30 31 33 39 41 47 51
3 5 9 11 16 21 23 30 31 33 38 41 45 48
1 6 8 11 16 22 23 30 31 33 38 41 47 48
1 6 8 11 16 21 23 30 31 33 38 41 47 49
3 6 10 11 16 21 23 26 31 33 39 41 45 50
1 5 8 11 18 21 23 30 31 33 38 41 45 48
1 6 8 11 16 21 23 30 31 33 38 41 45 48
1 6 10 11 18 21 23 30 32 36 39 44 47 51
2 5 9 11 18 21 23 30 31 33 38 42 45 48
3 5 10 11 16 21 23 30 32 33 39 41 45 49
3 6 10 11 16 21 25 30 31 33 39 43 46 52
1 6 9 11 16 21 23 30 31 33 38 41 45 48
1 5 10 11 16 21 23 30 31 33 38 41 45 48
1 6 10 11 18 21 23 30 32 33 39 43 47 50
1 6 9 11 16 21 25 30 31 33 39 42 47 49
3 6 10 11 16 21 25 28 32 33 40 42 45 51
1 5 10 11 16 21 25 30 32 33 39 41 45 48
1 5 9 11 16 21 23 30 31 33 39 41 45 48
1 6 10 11 18 21 23 30 32 33 38 41 47 49
2 6 10 13 19 21 25 30 32 35 40 41 47 50
3 6 9 11 16 22 23 30 32 33 39 41 45 48
1 5 10 15 17 22 25 30 32 36 40 43 47 51
1 5 9 11 18 21 25 30 31 33 38 41 45 48
1 6 8 11 16 21 23 30 31 33 40 41 47 49
3 5 8 11 16 21 25 30 32 33 38 42 45 48
3 5 10 11 20 21 25 30 31 33 39 41 45 48
1 6 10 11 16 22 23 30 32 33 39 41 50
1 6 8 11 16 21 23 30 31 33 38 41 45 48
3 5 10 11 20 21 25 30 31 33 38 41 45 49
3 6 10 11 16 21 25 30 32 36 39 42 45 52
1 6 10 11 16 21 25 30 32 33 38 41 47 51
1 5 8 11 16 21 25 30 31 33 38 41 45 48
1 5 9 11 16 21 23 30 31 33 39 41 45 48
3 6 10 11 19 21 25 30 31 33 39 44 45 49
3 6 10 11 16 22 23 30 31 35 39 43 47 50
1 6 8 11 16 21 23 30 31 33 40 41 45 48
1 5 8 11 16 21 23 30 31 33 39 41 45 48
3 5 10 11 16 21 25 30 31 37 40 44 47 51
1 5 10 11 16 21 25 30 31 33 39 41 45 48
2 6 9 11 16 21 25 30 31 33 39 41 45 49
3 6 8 11 16 22 25 30 31 33 38 41 45 48
1 6 9 11 16 22 25 30 32 33 39 42 46 50
1 6 10 11 16 21 23 30 32 33 38 42 47 49
1 5 9 11 16 21 23 30 31 33 38 41 45 48
1 6 10 11 16 21 25 30 32 33 39 41 47 51
1 6 9 11 16 22 23 30 31 33 38 43 45 48
1 6 8 11 16 21 23 30 31 33 39 41 46 48
2 6 7 11 16 21 23 30 31 33 38 43 45 49
1 5 8 11 16 21 25 30 31 33 39 41 45 48
1 6 10 11 16 21 23 30 31 33 39 42 47 50
1 5 9 11 16 21 23 30 31 33 38 41 45 48
3 5 9 11 16 21 23 30 31 33 38 42 45 48
1 6 10 11 18 21 25 30 32 33 39 44 47 51
1 6 9 11 16 21 25 30 31 33 38 44 45 49
3 5 9 11 20 21 25 30 31 33 38 41 45 48
3 6 8 11 16 21 25 30 31 33 38 41 45 48
1 6 8 11 16 21 23 30 31 33 38 42 45 48
3 5 9 11 16 21 23 29 31 33 39 42 47 50
1 6 9 11 16 21 23 30 31 33 38 41 45 49
3 5 8 11 16 21 23 30 31 33 38 43 45 48
1 6 10 11 20 21 23 30 32 33 39 42 47 51
2 6 9 11 16 22 23 30 31 33 38 41 45 48
1 6 7 11 18 22 23 30 31 33 39 41 47 48
1 6 10 11 16 21 25 30 31 33 38 41 47 49
3 6 7 11 16 22 25 30 31 33 40 41 46 48
3 6 8 11 16 21 23 30 32 33 39 44 46 50
1 5 9 11 16 21 25 30 32 33 40 41 45 48
1 6 9 11 16 21 25 30 31 33 38 43 47 51
1 6 10 11 17 21 25 30 32 33 39 42 47 52
3 6 10 11 16 21 23 29 32 33 39 43 47 49
1 6 8 11 16 21 23 30 31 33 38 41 45 48
1 6 10 11 16 22 23 30 31 33 38 44 47 48
3 6 9 11 16 21 25 30 31 33 39 44 47 50
1 6 9 11 16 21 23 30 32 33 39 41 45 48
1 6 9 11 16 21 23 30 31 36 39 41 45 49
1 6 8 11 18 21 25 30 31 33 38 41 45 48
1 6 8 11 16 21 23 30 31 33 39 47 48
1 6 10 11 16 21 25 30 32 33 39 41 47 51
3 5 10 11 16 21 23 30 31 33 38 43 45 48
1 6 10 11 16 21 25 30 32 33 39 42 47 49
2 6 9 11 16 22 23 30 31 33 39 42 46 50
1 5 8 11 16 21 23 30 31 33 38 41 45 48
1 6 7 11 16 21 25 30 31 33 38 43 45 48
2 5 10 14 16 21 23 30 32 33 39 41 45 49
1 6 10 11 16 21 23 30 32 33 39 42 47 51
1 6 9 11 16 21 23 30 31 33 38 41 45 48
1 6 10 11 16 21 23 30 31 33 38 41 45 48
3 6 7 11 16 21 23 30 31 33 39 43 45 50
1 6 9 11 16 21 25 30 31 33 39 42 47 52
3 6 10 11 16 21 25 30 32 33 39 43 47 49
3 5 9 11 16 21 24 30 31 33 39 41 45 48
1 6 9 11 16 21 23 30 31 33 38 41 45 48
3 5 10 14 16 22 23 30 32 33 39 43 47 51
1 6 10 11 16 21 23 30 32 33 39 41 47 49
3 6 10 11 16 21 25 30 31 33 39 42 47 50
1 6 10 11 16 21 23 30 31 33 39 41 46 48
1 6 9 11 16 22 25 30 31 33 40 41 45 48
3 6 9 11 20 21 23 30 31 33 38 41 45 49
1 6 10 11 16 21 23 30 32 33 39 41 46 48
3 6 9 11 16 21 23 30 32 33 39 42 47 51
3 5 9 11 18 21 23 30 31 33 38 41 47 48
1 6 9 11 16 21 23 30 32 33 38 42 47 48
3 6 10 11 16 21 25 30 31 33 39 42 47 50
3 5 10 11 18 21 25 30 32 33 39 41 47 49
3 5 9 11 20 22 25 30 31 33 38 42 45 48
1 6 9 11 16 21 25 30 31 33 38 41 45 48
1 6 9 11 18 21 23 30 31 33 38 42 45 48
1 6 9 11 16 21 23 30 31 33 39 44 47 51
1 6 7 11 16 21 23 30 32 36 39 41 47 52
1 6 10 11 16 21 23 30 31 33 38 42 45 49
1 5 10 13 16 22 25 30 32 33 39 43 46 50
1 5 10 11 16 21 25 30 31 33 38 41 45 48
1 6 10 11 16 21 25 30 31 33 38 42 45 49
3 5 9 11 20 21 25 30 31 33 39 41 47 48
1 6 8 11 16 21 23 30 31 33 38 41 47 48
3 6 7 11 16 21 25 30 32 33 39 41 45 48
1 6 10 11 16 21 23 30 31 33 38 42 47 50
3 6 9 11 18 21 23 30 32 33 39 41 47 49
1 6 10 11 16 21 25 30 31 33 38 41 45 48
1 6 10 11 16 21 23 30 31 33 38 41 45 48
3 6 9 14 16 22 25 30 32 33 39 41 47 51
1 6 9 11 16 21 23 30 31 33 39 42 47 49
1 5 8 11 16 21 23 30 31 33 38 42 45 48
1 5 10 11 18 21 23 30 32 33 39 41 47 50
1 5 10 11 16 21 25 30 31 33 39 41 45 48
1 6 9 11 16 22 25 30 31 33 39 41 45 48
1 6 10 11 16 21 25 30 31 33 39 41 47 52
1 6 10 11 18 21 25 30 31 33 38 43 47 49
1 6 8 11 18 21 23 30 31 33 38 41 47 48
3 6 10 11 18 21 25 30 32 33 39 43 45 51
1 5 10 11 16 21 23 30 31 33 39 41 45 48
1 5 8 11 17 22 25 30 32 33 38 42 45 48
1 6 10 11 20 21 23 30 32 33 39 42 47 50
1 6 10 11 16 21 25 30 32 33 39 44 47 49
1 6 9 11 16 21 23 30 31 33 38 45 48
1 6 7 11 16 21 25 30 31 33 38 41 45 48
3 6 10 11 16 21 25 30 31 33 38 41 46 48
3 5 10 11 16 21 25 30 31 36 40 43 45 51
3 6 10 11 16 21 25 30 31 33 38 43 46 49
3 5 10 11 18 22 23 30 31 33 39 44 45 50
1 5 9 11 18 21 25 30 31 33 38 42 45 48
3 5 7 11 16 21 23 30 31 33 38 43 45 48
3 5 9 11 16 22 25 30 31 33 38 42 45 48
1 6 10 11 16 21 23 30 31 33 38 41 47 49
1 6 8 11 16 21 25 30 31 33 38 41 45 48
3 5 10 11 16 21 23 30 31 33 38 41 45 48
2 6 10 11 17 21 25 30 32 33 39 43 47 50
3 6 10 11 16 21 23 30 32 33 40 41 47 52
1 5 9 11 20 21 23 30 31 33 38 41 45 48
1 5 10 11 16 21 23 30 32 33 39 41 47 49
1 6 9 11 16 22 25 30 31 33 38 41 45 48
1 6 10 11 18 21 23 30 31 33 39 41 45 48
3 6 10 11 16 21 25 30 32 33 38 42 47 49
3 6 10 11 20 22 25 30 32 33 38 44 47 51
1 5 8 11 16 21 23 30 31 33 38 41 45 48
1 6 10 11 18 21 25 30 31 33 38 42 45 50
1 6 10 11 16 21 23 30 32 33 38 41 47 48
1 6 9 11 16 21 25 30 31 33 38 41 45 48
2 6 10 11 16 21 23 30 32 33 38 42 47 49
3 6 9 11 16 21 23 30 31 33 39 44 47 48
3 6 10 11 16 21 23 30 32 33 39 42 47 48
3 6 8 11 17 21 25 29 31 33 39 42 47 51
1 6 7 11 16 21 25 30 32 33 38 42 45 48
1 6 10 11 17 22 25 29 32 33 40 41 47 50
1 6 10 11 16 22 25 30 32 33 39 42 45 49
3 6 7 11 16 22 25 30 31 33 39 42 45 48
1 5 10 11 20 21 23 30 32 33 38 41 45 48
1 6 9 11 16 22 23 30 31 33 40 41 47 48
1 6 10 11 17 22 25 30 31 33 39 44 47 52
2 6 7 11 16 21 25 30 31 33 38 41 45 49
1 6 10 11 16 21 23 30 32 33 39 42 47 51
1 5 9 11 16 21 25 30 32 33 38 41 45 48
2 6 10 11 16 21 23 30 32 33 38 42 47 50
1 5 8 11 16 21 23 30 31 33 38 41 45 48
1 5 9 11 16 21 23 30 31 33 38 41 45 48
2 5 10 11 18 21 25 30 31 33 38 41 45 49
1 6 10 11 16 21 23 30 31 33 38 41 45 48
1 5 9 11 16 21 25 30 31 33 38 41 45 48
1 6 10 11 17 21 25 30 32 33 39 43 45 51
1 6 9 11 16 21 23 30 32 33 38 41 45 48
1 6 9 11 16 21 25 30 31 33 39 41 47 48
1 6 7 11 16 21 23 30 32 33 38 41 47 48
1 6 10 11 16 21 25 30 32 33 39 41 45 48
2 6 7 13 17 21 25 30 31 33 39 41 47 49
1 6 10 11 16 21 25 30 32 33 39 43 47 51
1 5 8 11 20 21 23 30 31 33 38 41 45 48
2 6 10 11 16 22 23 30 32 33 38 43 47 50
1 6 9 11 16 21 25 30 31 33 39 41 45 48
3 5 10 11 16 21 25 30 31 33 39 44 47 52
1 5 9 11 16 21 23 30 31 33 39 41 45 48
1 6 10 11 16 21 25 30 32 33 39 42 46 49
1 5 9 11 16 21 23 30 31 33 39 41 45 48
1 6 10 11 16 21 23 30 31 33 38 41 45 48
1 6 10 11 16 21 25 30 32 33 39 41 47 51
3 5 9 11 16 21 25 30 31 33 38 41 45 48
1 6 8 11 16 22 23 30 31 33 38 41 45 48
1 6 8 11 16 21 23 30 31 33 38 41 45 48
1 6 8 11 16 21 25 30 31 33 39 41 45 48
1 5 8 11 16 21 25 30 31 33 39 42 45 49
1 5 8 11 18 22 25 30 31 33 38 43 45 51
1 5 8 11 18 21 25 30 31 33 39 41 45 48
1 6 10 11 18 21 23 30 32 33 39 41 46 50
1 5 7 11 17 22 25 30 31 33 38 41 45 48
1 6 8 11 16 21 23 30 31 33 38 41 45 48
1 6 10 11 16 21 23 27 32 33 39 42 47 49
2 6 8 11 16 21 23 30 32 33 38 41 45 48
1 5 9 11 18 22 23 30 31 33 38 41 45 48
1 6 10 11 16 21 25 30 32 33 38 41 45 48
