1 6 9 11 16 21 23 30 31 33 38 41 45 48
1 6 7 11 16 21 25 30 31 33 39 41 46 48
1 5 9 11 16 21 23 30 31 33 39 42 45 48
1 5 10 11 16 21 25 30 32 33 39 41 45 48
2 6 10 11 16 21 25 30 32 33 39 43 47 52
3 6 10 11 16 21 25 30 31 33 39 43 46 52
1 6 9 11 16 21 23 30 31 33 38 41 45 48
2 6 10 13 19 21 25 30 32 35 40 41 47 50
3 6 9 11 16 22 23 30 32 33 39 41 45 48
1 5 8 11 16 21 25 30 31 33 38 41 45 48
1 6 8 11 16 21 23 30 31 33 40 41 45 48
1 5 8 11 16 21 23 30 31 33 39 41 45 48
3 6 8 11 16 22 25 30 31 33 38 41 45 48
3 6 8 11 16 21 25 30 31 33 38 41 45 48
1 6 8 11 16 21 23 30 31 33 38 42 45 48
1 6 10 11 16 21 23 30 31 33 38 41 45 48
3 6 7 11 16 21 23 30 31 33 39 43 45 50
1 6 9 11 16 21 23 30 31 33 38 41 45 48
3 6 10 11 16 21 25 30 31 33 39 42 47 50
1 6 9 11 16 21 25 30 31 33 38 41 45 48
1 6 10 11 16 21 23 30 31 33 38 42 45 49
1 6 10 11 16 21 25 30 31 33 39 41 47 52
1 6 10 11 20 21 23 30 32 33 39 42 47 50
3 5 10 11 18 22 23 30 31 33 39 44 45 50
3 5 10 11 16 21 23 30 31 33 38 41 45 48
1 6 10 11 17 22 25 29 32 33 40 41 47 50
1 6 10 11 17 22 25 30 31 33 39 44 47 52
1 5 9 11 16 21 23 30 31 33 38 41 45 48
1 6 10 11 16 21 25 30 32 33 39 42 46 49
1 5 8 11 18 22 25 30 31 33 38 43 45 51
1 5 7 11 17 22 25 30 31 33 38 41 45 48
