1 6 9 11 16 21 25 30 32 33 39 41 47 48
1 5 10 11 16 21 25 30 31 33 39 41 45 48
4 6 10 11 18 21 25 30 32 33 38 44 45 52
1 6 10 11 17 21 23 28 32 33 39 43 47 51
2 6 10 11 18 21 25 30 31 33 39 43 47 50
1 6 8 11 16 22 23 30 31 33 38 41 47 48
3 6 10 11 16 21 23 26 31 33 39 41 45 50
1 6 8 11 16 21 23 30 31 33 38 41 45 48
1 5 10 11 16 21 23 30 31 33 38 41 45 48
3 6 10 11 16 21 25 28 32 33 40 42 45 51
1 6 8 11 16 21 23 30 31 33 38 41 45 48
3 6 10 11 16 21 25 30 32 36 39 42 45 52
1 6 8 11 16 21 23 30 31 33 39 41 46 48
1 6 10 11 18 21 25 30 32 33 39 44 47 51
1 6 9 11 16 21 25 30 31 33 38 44 45 49
2 6 9 11 16 22 23 30 31 33 38 41 45 48
1 6 10 11 16 21 25 30 32 33 39 42 47 49
1 6 7 11 16 21 25 30 31 33 38 43 45 48
1 6 9 11 18 21 23 30 31 33 38 42 45 48
1 6 9 11 16 21 23 30 31 33 39 44 47 51
1 6 10 11 16 21 23 30 31 33 38 41 45 48
1 5 10 11 16 21 25 30 31 33 39 41 45 48
1 5 8 11 17 22 25 30 32 33 38 42 45 48
3 5 10 11 16 21 25 30 31 36 40 43 45 51
3 5 9 11 16 22 25 30 31 33 38 42 45 48
3 6 8 11 17 21 25 29 31 33 39 42 47 51
1 6 10 11 16 21 23 30 32 33 39 42 47 51
1 6 9 11 16 21 23 30 32 33 38 41 45 48
1 6 10 11 16 21 25 30 32 33 39 41 45 48
1 5 9 11 18 22 23 30 31 33 38 41 45 48
