1 6 10 11 16 21 25 30 32 33 38 41 47 48
1 5 10 11 18 21 25 30 31 33 38 42 45 48
3 5 7 11 16 21 23 30 31 33 40 41 45 48
3 6 7 11 17 22 25 30 31 33 39 42 45 49
1 6 10 11 16 21 25 30 32 33 39 42 45 51
1 6 8 11 16 21 25 30 31 33 38 41 45 48
3 5 9 11 16 21 25 30 31 33 39 42 45 48
3 6 9 11 16 21 25 30 31 33 39 41 47 49
3 6 10 11 16 21 25 30 32 36 38 43 47 50
1 6 8 11 16 21 25 30 31 33 38 41 47 48
1 6 10 11 18 21 23 30 32 33 39 43 47 50
1 6 9 11 16 21 25 30 31 33 39 42 47 49
1 6 10 11 16 22 23 30 32 33 39 41 50
1 6 10 11 16 21 23 30 32 33 38 42 47 49
1 5 8 11 16 21 25 30 31 33 39 41 45 48
1 5 9 11 16 21 23 30 31 33 38 41 45 48
1 5 9 11 16 21 25 30 32 33 40 41 45 48
1 6 10 11 17 21 25 30 32 33 39 42 47 52
1 6 8 11 18 21 25 30 31 33 38 41 45 48
1 6 10 11 16 21 23 30 32 33 39 42 47 51
1 5 8 11 16 21 23 30 31 33 38 42 45 48
1 6 8 11 18 21 23 30 31 33 38 41 47 48
1 5 9 11 20 21 23 30 31 33 38 41 45 48
1 6 10 11 18 21 23 30 31 33 39 41 45 48
3 6 10 11 16 21 25 30 32 33 38 42 47 49
1 6 9 11 16 21 25 30 31 33 38 41 45 48
1 6 7 11 16 21 25 30 32 33 38 42 45 48
1 5 9 11 16 21 23 30 31 33 39 41 45 48
1 5 9 11 16 21 23 30 31 33 39 41 45 48
1 6 8 11 16 21 25 30 31 33 39 41 45 48
