1 5 10 14 19 21 24 30 32 35 39 41 45 50
2 6 10 11 16 21 25 30 32 33 39 42 47 49
1 5 10 11 16 21 24 30 32 33 39 42 47 51
1 5 9 11 16 21 23 30 31 33 38 42 45 48
1 6 9 11 16 21 23 30 31 33 38 45 48
1 6 10 11 16 21 23 30 31 33 39 41 47 51
1 6 8 11 16 21 23 30 31 33 38 41 45 48
3 5 10 11 16 21 23 30 32 33 39 41 45 49
3 5 10 11 20 21 25 30 31 33 39 41 45 48
3 6 10 11 16 22 23 30 31 35 39 43 47 50
3 5 10 11 16 21 25 30 31 37 40 44 47 51
3 6 8 11 16 21 23 30 32 33 39 44 46 50
1 6 10 11 16 22 23 30 31 33 38 44 47 48
1 6 9 11 16 21 23 30 32 33 39 41 45 48
1 6 10 11 16 21 23 30 32 33 39 41 47 49
1 6 9 11 16 22 25 30 31 33 40 41 45 48
3 6 9 11 16 21 23 30 32 33 39 42 47 51
3 5 9 11 20 22 25 30 31 33 38 42 45 48
3 6 7 11 16 21 25 30 32 33 39 41 45 48
3 6 9 11 18 21 23 30 32 33 39 41 47 49
3 6 9 14 16 22 25 30 32 33 39 41 47 51
1 5 10 11 18 21 23 30 32 33 39 41 47 50
1 6 10 11 16 21 25 30 32 33 39 44 47 49
1 6 9 11 16 21 23 30 31 33 38 45 48
1 6 10 11 16 21 23 30 31 33 38 41 47 49
2 6 7 11 16 21 25 30 31 33 38 41 45 49
1 5 8 11 16 21 23 30 31 33 38 41 45 48
1 6 10 11 16 21 23 30 31 33 38 41 45 48
2 6 10 11 16 22 23 30 32 33 38 43 47 50
1 6 10 11 18 21 23 30 32 33 39 41 46 50
1 6 10 11 16 21 23 27 32 33 39 42 47 49
