1 7 9 11 12 14 16 18 20 23 24 27 29 30 34 39 47 52 54 56
1 6 9 11 13 15 17 19 21 23 25 27 29 30 34 39 47 53 56
1 6 9 11 13 15 17 19 21 23 24 27 28 30 34 39 47 52 54 55
1 6 9 11 13 15 17 19 21 23 25 27 29 30 34 41 47 52 53 56
1 6 8 11 12 14 16 18 20 23 25 27 29 30 34 39 47 52 54 56
1 6 8 11 12 14 17 19 21 23 25 27 29 30 34 39 47 52 53 56
1 6 9 11 13 15 17 19 21 23 25 27 29 30 53 56
1 6 8 11 13 15 17 19 20 23 24 27 29 30 34 39 47 53 56
1 6 8 11 12 15 17 19 20 23 25 27 29 30 34 41 47 52 53 56
3 7 9 11 12 14 17 19 20 23 24 27 29 30 36 41 47 52 53 56
1 6 8 11 13 15 17 19 21 23 25 27 29 30 39 47 54 56
1 6 9 10 12 15 17 19 20 23 24 27 29 30 34 43 47 52 53 56
1 6 9 11 12 14 16 19 21 23 24 26 28 33 43 47 52 54 55
1 6 10 13 15 17 19 21 23 25 27 29 30 34 39 47 52 53 56
1 6 9 11 13 15 17 19 21 23 25 27 29 30 34 39 47 52 53 56
