1 6 9 11 12 14 16 19 21 22 25 27 29 30 38 40 47 52 53 56
1 6 8 11 13 15 17 19 21 23 25 27 29 30 36 39 47 54 56
1 6 8 11 12 14 17 18 20 23 24 27 29 31 36 41 53 55
1 6 9 11 12 14 17 19 20 23 25 26 28 30 34 39 44 52 54 55
3 7 8 11 12 14 17 19 21 30 38 39 47 53 56
1 6 9 11 12 14 16 18 20 22 24 27 29 30 36 39 47 52 53 56
3 6 8 11 12 14 17 19 20 22 24 27 29 30 34 41 47 52 54 55
3 6 8 11 12 15 17 18 20 22 24 27 29 39 54 56
1 6 8 11 12 15 17 19 20 22 25 27 29 30 34 39 47 53 56
1 6 9 11 13 15 17 19 21 23 25 27 29 30 34 39 47 52 53 56
5 6 9 10 12 15 17 19 20 23 25 27 29 30 34 39 47 52 54 56
1 6 9 11 12 15 17 18 20 22 24 26 28 30 38 41 47 52 54 56
1 6 9 11 12 14 17 19 20 23 24 26 28 30 38 39 45 49 54 55
3 6 8 11 12 14 17 23 24 27 29 54 55
1 6 9 11 13 15 17 19 21 23 25 27 29 30 39 47 54 56
1 7 8 10 13 15 17 19 20 23 25 27 29 30 34 39 47 52 53 56
