3 6 8 11 12 14 17 18 20 23 24 27 29 30 34 39 47 54 56
1 6 8 11 12 15 17 19 21 23 25 27 29 30 34 39 47 54 56
1 7 9 10 12 14 16 19 21 23 25 27 29 30 34 39 47 52 53 56
1 6 8 11 13 15 17 19 21 23 25 27 29 30 34 39 47 53 56
1 7 8 11 12 15 17 19 21 22 24 27 28 30 34 39 47 52 54 56
1 6 8 11 12 14 17 22 25 26 29 33 34 39 47 52 54 55
1 6 8 10 13 15 17 18 20 23 25 27 29 30 34 39 47 52 53 56
3 6 9 11 12 15 17 18 20 22 24 27 29 30 38 43 47 53 55
1 7 8 11 13 15 17 19 20 23 25 27 29 30 36 39 47 52 53 56
1 6 9 11 13 15 17 19 21 23 25 27 29 30 34 39 47 52 53 56
1 6 9 11 12 15 17 19 20 22 25 26 28 31 36 39 44 49 54 55
1 6 9 11 12 15 17 19 21 23 24 27 29 30 34 39 47 53 55
1 6 9 11 12 14 17 19 21 23 25 27 29 30 34 39 47 52 53 56
1 6 8 11 12 14 16 19 21 23 24 26 29 30 36 39 47 48 54 56
1 6 8 11 53 56
1 6 9 11 12 14 16 19 20 23 24 27 29 30 36 43 47 54 56
