1 6 8 11 12 15 16 19 21 22 24 27 29 53 55
1 6 8 10 13 15 17 19 21 23 25 27 29 39 53 56
2 6 8 11 13 15 17 19 21 23 25 27 29 30 34 39 47 53 56
1 6 9 11 13 15 17 19 21 22 25 27 29 30 34 39 54 56
1 6 8 10 12 14 17 19 21 23 25 27 29 30 34 39 47 52 53 56
1 6 8 11 12 14 16 19 21 23 25 27 29 30 34 39 53 56
1 6 8 11 13 15 17 19 23 25 27 29 30 34 40 47 54 56
1 6 8 10 12 14 17 19 21 23 24 27 29 30 34 39 47 49 54 55
1 6 9 11 12 15 17 19 21 23 25 27 29 30 34 39 47 52 53 56
1 6 8 10 13 15 17 19 21 23 25 27 29 30 34 39 47 48 53 56
1 6 8 10 12 14 17 19 20 23 25 27 29 30 38 39 47 52 53 55
1 6 9 11 13 15 17 19 20 23 24 27 28 30 36 39 47 52 54 56
1 6 8 11 12 14 16 19 21 22 24 27 28 33 39 47 54 55
1 6 9 11 12 14 16 19 21 23 25 27 29 30 39 47 53 56
1 6 9 11 13 15 17 19 21 23 25 27 29 30 34 39 47 52 54 56
