1 6 9 11 12 14 16 19 21 22 25 27 29 30 38 40 47 52 53 56
1 7 9 11 12 14 16 18 20 23 24 27 29 30 34 39 47 52 54 56
1 6 9 11 13 15 17 19 21 23 25 27 29 30 34 39 47 53 56
1 6 8 11 12 15 16 19 21 22 24 27 29 53 55
1 6 8 11 12 15 17 19 21 23 24 27 29 30 42 47 54 56
3 7 9 11 12 15 17 19 20 23 24 27 29 30 38 39 45 51 53 56
3 6 8 11 12 14 17 18 20 23 24 27 29 30 34 39 47 54 56
1 6 9 11 13 15 17 19 21 23 25 27 29 30 34 39 47 53 56
1 6 9 11 12 14 16 19 20 23 24 26 28 31 38 39 47 54 55
1 6 8 11 12 15 17 19 21 23 25 27 29 30 34 39 47 54 56
5 7 9 11 12 15 17 19 21 23 25 27 29 32 34 39 54 56
1 6 8 11 12 14 16 19 20 23 25 27 29 30 34 39 47 52 53 56
1 6 8 10 13 15 17 19 21 23 25 27 29 39 53 56
1 7 9 10 12 15 17 19 21 23 25 27 29 30 34 39 47 52 53 56
2 6 9 11 12 14 16 19 21 23 24 26 29 33 39 45 52 53 55
1 6 8 11 13 15 17 19 21 23 25 27 29 30 36 39 47 54 56
1 6 8 11 12 14 17 19 21 23 25 26 29 30 34 39 47 52 54 56
1 6 8 11 12 15 17 19 21 23 25 27 29 30 39 47 54 56
1 6 8 11 12 14 17 18 20 23 24 27 29 31 36 41 53 55
1 7 9 10 12 14 16 19 21 23 25 27 29 30 34 39 47 52 53 56
1 6 8 11 13 15 17 19 21 23 25 27 29 30 34 39 47 53 56
1 6 9 11 13 15 17 19 20 22 24 27 29 30 34 39 47 52 54 56
1 6 8 11 12 14 17 19 21 22 24 27 29 30 34 39 47 51 54 55
1 6 9 11 12 14 17 19 21 23 25 27 29 30 34 39 47 53 56
1 7 8 11 13 15 17 18 21 23 25 27 29 30 34 39 47 53 56
1 6 9 11 13 15 17 19 21 23 24 27 28 30 34 39 47 52 54 55
1 6 9 10 13 15 17 19 21 23 25 27 29 30 34 39 47 52 54 56
2 6 8 11 13 15 17 19 21 23 25 27 29 30 34 39 47 53 56
1 6 8 10 12 14 17 19 21 23 25 27 29 30 34 39 47 52 53 56
1 7 8 11 12 15 17 19 21 22 24 27 28 30 34 39 47 52 54 56
1 6 9 11 13 15 17 19 21 23 25 27 29 30 34 41 47 52 53 56
1 6 8 11 12 14 17 22 25 26 29 33 34 39 47 52 54 55
1 6 9 11 13 15 17 19 21 23 25 27 29 30 34 39 47 53 56
1 6 8 11 12 14 16 19 21 23 25 27 29 30 43 54 56
1 6 8 11 12 15 17 19 21 23 25 27 29 30 34 41 47 52 54 56
1 6 9 11 12 14 17 19 20 23 25 26 28 30 34 39 44 52 54 55
1 6 8 11 13 15 17 18 20 22 25 27 29 30 38 39 47 52 53 56
1 6 8 11 12 15 17 19 20 23 25 27 29 31 38 42 47 52 54 56
1 6 8 11 12 14 17 19 21 23 25 27 29 30 34 39 47 53 56
1 7 8 11 12 15 17 18 20 22 24 27 29 30 38 39 47 52 54 56
5 6 8 11 12 14 16 30 34 43 47 51 54 55
1 6 8 11 12 15 17 18 20 23 24 27 29 30 34 39 47 52 53 56
1 6 9 11 13 15 17 19 21 22 25 27 29 30 34 39 54 56
1 6 8 11 12 15 17 18 21 23 25 27 29 30 36 39 47 53 56
3 7 8 11 12 14 17 19 21 30 38 39 47 53 56
2 6 8 11 12 14 17 19 21 23 24 26 29 33 34 39 47 49 54 55
1 6 8 10 13 15 17 18 20 23 25 27 29 30 34 39 47 52 53 56
1 6 9 11 12 14 16 18 20 22 24 27 29 30 36 39 47 52 53 56
1 6 8 10 12 14 17 19 21 23 25 27 29 30 34 39 47 52 53 56
1 7 8 11 12 14 17 19 21 22 25 27 29 30 34 39 53 56
3 6 8 11 12 14 17 19 20 22 24 27 29 30 34 41 47 52 54 55
1 6 8 11 12 14 16 19 21 23 25 27 29 30 34 39 53 56
1 6 8 10 13 15 17 18 20 23 25 27 29 30 34 39 47 52 53 56
1 6 8 11 12 14 17 18 20 23 24 27 29 32 34 39 47 54 56
3 6 9 11 12 15 17 18 20 22 24 27 29 30 38 43 47 53 55
1 6 8 11 13 15 17 19 23 25 27 29 30 34 40 47 54 56
1 6 9 11 13 15 17 23 25 27 29 30 39 47 54 56
3 6 8 11 12 15 17 18 20 22 24 27 29 39 54 56
3 6 8 11 12 15 17 18 20 23 25 27 29 30 34 39 47 52 53 56
1 6 8 10 12 14 17 19 21 23 24 27 29 30 34 39 47 49 54 55
1 6 9 11 13 15 17 19 21 23 25 27 29 30 36 39 47 52 54 56
1 6 8 11 12 15 17 19 20 22 25 27 29 30 34 39 47 53 56
1 7 8 11 13 15 17 19 20 23 25 27 29 30 36 39 47 52 53 56
1 6 9 11 12 15 17 19 20 23 25 27 29 30 34 39 47 52 53 56
1 6 9 11 13 15 17 19 21 23 25 27 29 30 41 47 53 56
1 6 8 11 12 14 16 18 20 23 25 27 29 30 34 39 47 52 54 56
1 6 8 11 12 15 17 22 24 26 29 30 36 39 45 54 55
1 6 8 11 12 14 17 19 21 23 25 27 29 30 34 39 47 52 53 56
1 6 9 11 13 15 17 18 20 23 24 27 29 30 39 47 54 56
1 6 9 11 13 15 17 19 21 23 25 27 29 30 53 56
1 6 9 11 13 15 17 19 20 22 25 27 29 30 38 39 47 54 56
3 6 8 11 12 14 17 23 25 27 29 30 39 53 55
1 6 8 11 13 15 17 19 20 23 24 27 29 30 34 39 47 53 56
1 6 8 11 12 15 17 19 20 23 25 27 29 30 34 41 47 52 53 56
1 7 8 10 13 15 17 19 21 23 25 27 29 30 34 39 47 52 53 56
3 6 9 11 12 15 17 19 21 23 25 27 29 30 34 39 47 53 56
1 6 8 11 12 14 17 19 21 22 25 27 28 30 36 39 52 54 55
3 7 9 11 12 14 17 19 20 23 24 27 29 30 36 41 47 52 53 56
1 6 9 11 13 15 17 19 21 23 25 27 29 30 34 39 47 52 53 56
1 6 9 11 13 15 17 19 21 23 25 27 29 30 34 39 47 52 53 56
1 6 9 11 12 15 17 19 20 22 25 26 28 31 36 39 44 49 54 55
1 6 8 11 12 14 17 19 20 23 24 27 29 30 36 39 47 52 54 56
1 6 9 11 12 14 16 23 24 26 29 30 39 47 54 56
1 6 8 11 13 15 17 19 21 23 25 27 29 30 39 47 54 56
1 6 9 10 12 15 17 19 20 23 24 27 29 30 34 43 47 52 53 56
1 6 9 11 12 14 16 19 21 23 24 26 28 33 43 47 52 54 55
1 6 9 10 12 14 16 19 21 23 24 27 29 30 35 39 47 52 53 56
1 6 9 11 12 15 17 19 20 22 24 27 28 30 39 47 52 54 56
1 6 9 11 12 15 17 19 21 23 25 27 29 30 34 39 47 52 53 56
1 6 8 10 13 15 17 19 21 23 25 27 29 30 34 39 47 48 53 56
1 6 9 11 12 14 16 19 21 23 24 26 29 30 39 44 54 55
1 6 8 11 13 15 17 19 21 23 25 27 29 30 34 39 47 52 53 56
1 6 9 11 12 15 17 19 21 23 25 27 29 30 34 39 47 52 53 56
1 6 9 11 12 15 17 19 21 23 24 27 29 30 34 39 47 53 55
5 6 9 10 12 15 17 19 20 23 25 27 29 30 34 39 47 52 54 56
1 6 9 11 12 15 17 18 20 23 25 27 29 32 34 39 47 54 56
1 6 8 11 13 15 17 19 21 22 25 27 29 30 34 39 47 52 53 56
1 6 8 11 12 14 17 19 21 23 25 26 29 30 34 39 47 49 54 55
1 6 9 11 13 15 17 19 21 23 25 27 29 30 39 54 56
1 6 9 11 12 14 17 19 21 23 25 27 29 30 34 39 47 52 53 56
1 6 9 10 12 15 17 19 20 23 25 27 29 30 34 39 47 52 53 56
1 6 8 10 12 14 17 19 20 23 25 27 29 30 38 39 47 52 53 55
1 6 9 11 12 15 17 18 20 22 24 26 28 30 38 41 47 52 54 56
1 6 9 11 13 15 17 33 34 39 47 53 56
1 6 9 10 12 15 17 19 20 22 25 27 29 30 34 39 47 52 53 56
1 6 9 11 13 15 17 19 21 23 25 27 29 30 34 39 47 53 56
1 6 9 11 12 14 17 19 20 23 24 26 28 30 38 39 45 49 54 55
1 6 8 11 12 14 16 19 21 23 24 26 29 30 36 39 47 48 54 56
1 6 8 10 12 14 16 19 20 23 24 27 29 30 34 39 47 53 56
1 6 9 11 12 15 17 19 20 23 25 27 29 30 36 39 47 54 56
1 6 8 11 12 14 16 19 20 23 24 26 28 30 34 39 47 54 55
1 6 9 10 13 15 17 19 21 23 25 27 29 30 34 39 47 52 53 56
1 6 10 13 15 17 19 21 23 25 27 29 30 34 39 47 52 53 56
2 6 8 11 12 15 17 19 21 23 25 27 29 30 34 39 47 52 53 56
1 6 9 11 12 14 16 19 21 23 24 27 28 32 38 39 47 49 53 56
3 6 8 11 12 14 17 23 24 27 29 54 55
1 6 9 11 13 15 17 19 20 23 24 27 28 30 36 39 47 52 54 56
1 6 9 11 13 15 17 19 21 23 25 27 29 30 39 47 54 56
1 6 9 11 13 15 17 19 21 23 25 27 29 39 53 56
1 6 8 11 12 14 17 19 20 23 24 26 28 33 35 41 45 49 54 55
1 6 9 11 12 15 17 19 21 23 25 27 29 30 34 39 47 52 53 56
1 6 8 11 12 14 16 19 20 22 24 27 28 33 38 43 47 52 54 56
1 6 9 11 13 15 17 19 21 23 25 27 29 30 34 39 47 52 53 56
1 6 8 11 12 14 16 19 21 22 24 27 28 33 39 47 54 55
1 6 9 11 13 15 17 19 21 23 25 27 29 30 34 39 47 52 53 56
1 6 9 11 13 15 17 19 21 23 25 27 29 30 39 47 53 56
1 6 8 11 12 14 16 18 20 23 24 27 28 30 38 39 45 54 56
1 6 9 11 13 15 17 19 21 23 25 27 29 30 34 39 47 52 53 56
1 6 9 11 12 15 17 19 21 22 24 26 29 30 34 39 47 52 54 55
1 6 9 11 13 15 17 19 21 23 25 27 29 30 34 39 47 52 53 56
1 6 9 11 12 14 16 19 21 23 25 27 29 30 39 47 53 56
1 6 8 11 12 14 16 19 20 23 25 27 29 30 39 47 52 53 56
1 6 9 11 13 15 17 19 21 23 25 27 29 30 34 39 47 52 54 56
2 6 8 11 12 14 16 18 20 23 24 27 29 32 34 40 47 54 55
1 6 8 11 53 56
1 7 8 10 13 15 17 19 20 23 25 27 29 30 34 39 47 52 53 56
3 6 9 11 12 14 17 19 20 22 24 26 29 30 38 39 47 52 54 56
1 6 9 11 13 15 17 19 21 23 25 27 29 30 34 39 47 52 53 56
1 6 9 11 12 14 16 19 20 23 24 27 29 30 36 43 47 54 56
