1 3 6 85
1 3 5 9 16 20 25 35 42 45 66 70 74 84
1 3 5 41 51 54 66 70 73 78 81 84
1 3 5 11 16 20 23 25 32 36 40 45 48 51 55 57 61 66 71 72 79 82 84
1 3 5 7 13 20 61 62 70 73 77 81 85
2 3 5 7 15 20 23 25 29 35 39 43 51 54 60 63 71 72 77 81 85
1 3 5 8 13 20 28 31 36 42 46 50 51 54 60 66 71 74 79 81 84
2 3 5 9 15 20 22 25 31 35 38 45 48 52 54 60 66 71 73 77 81 85
2 4 6 9 16 20 21 25 30 35 38 45 48 53 57 71 72 77 81 85
1 3 5 9 15 20 21 25 30 35 38 44 47 51 54 58 71 72 85
2 3 5 9 13 20 21 25 31 35 40 45 47 58 62 70 72 85
2 3 5 7 16 20 23 25 29 35 40 45 48 51 56 57 71 72 84
2 3 5 10 16 22 26 29 35 38 44 48 52 54 58 62 71 72 85
1 3 5 10 16 21 25 31 35 40 45 49 52 56 57 61 66 71 74 84
1 3 5 9 13 18 23 25 29 35 39 44 47 51 54 61 66 69 72 85
2 3 5 9 13 20 23 27 30 36 39 46 47 52 61 85
2 3 5 16 24 27 32 36 42 46 50 51 54 61 66 71 72 79 84
1 3 6 9 20 23 27 34 36 42 50 51 54 71 72 84
2 3 5 7 16 20 23 26 32 36 41 45 49 53 54 61 65 71 79 81 84
1 3 5 7 16 20 23 34 36 42 46 49 52 55 58 66 71 72 79 81 84
2 3 5 11 16 20 23 27 33 40 45 49 55 71 72 79 83 84
1 3 6 8 16 84
1 3 5 11 16 20 23 27 29 35 39 45 47 52 54 71 72 79 84
1 3 5 9 16 20 21 27 31 35 42 45 47 51 54 60 71 72 79 81 84
2 3 5 9 13 20 29 35 67 72 84
1 3 5 11 12 20 22 31 35 39 45 70 74 81 84
1 3 5 15 20 23 27 32 35 40 46 49 52 54 61 65 71 72 84
1 3 5 9 15 18 23 25 29 35 45 48 51 54 58 64 71 72 78 81 85
2 4 6 11 16 20 35 67 72 85
1 3 6 9 16 20 21 36 45 49 58 84
2 3 5 7 16 20 23 35 40 49 52 55 57 61 65 71 72 84
2 3 5 7 13 20 23 27 30 35 38 46 47 51 54 66 71 72 84
2 3 5 85
2 3 5 11 13 20 35 71 72 85
1 3 5 16 20 23 27 32 36 42 46 50 53 56 61 65 71 72 84
1 3 5 10 16 20 24 27 34 36 45 71 84
1 3 5 9 15 21 27 31 35 40 46 50 51 56 57 61 66 71 74 84
