2 3 5 10 16 20 23 27 36 42 46 50 60 66 71 72 85
2 3 5 9 16 20 22 26 30 35 38 43 47 53 54 58 62 71 74 85
1 3 5 10 16 21 25 35 43 47 70 72 77 84
2 3 5 9 16 20 21 25 31 35 40 48 52 54 60 66 71 72 78 81 85
1 3 5 7 16 20 22 27 31 35 41 45 49 70 72 77 84
1 3 5 9 12 20 23 25 29 35 41 44 48 53 56 57 60 71 74 78 81 85
1 3 5 16 20 24 32 36 39 46 66 71 74 85
1 3 6 9 20 23 27 34 36 42 50 51 54 71 72 84
2 3 5 9 15 20 22 27 31 37 40 43 48 52 55 65 71 72 85
2 3 5 11 16 20 23 27 29 36 39 45 49 52 54 57 58 66 71 72 79 81 84
1 4 6 9 16 20 24 28 34 40 45 49 58 71 72 79 81 84
1 3 5 7 16 20 31 35 39 45 49 69 73 81 85
1 4 6 71 72 84
2 4 6 11 16 20 70 72 85
1 3 5 9 13 20 23 35 38 45 48 71 73 77 81 84
1 3 5 9 16 18 23 27 31 35 46 49 53 55 57 71 74 84
1 3 5 11 23 25 31 35 42 46 48 70 72 78 84
1 3 5 9 15 20 21 25 29 35 40 45 49 51 54 60 66 71 72 84
1 3 5 9 16 20 24 32 36 42 45 47 51 56 57 65 71 72 82 84
1 3 6 10 12 20 71 72 84
2 3 5 7 15 20 21 25 29 35 38 43 47 51 54 58 71 72 85
1 3 5 7 16 20 23 25 32 35 42 45 49 52 56 57 61 71 72 84
1 3 5 9 15 20 21 25 33 35 41 45 47 52 56 57 58 71 72 78 81 84
2 3 5 7 13 18 23 25 29 35 40 43 48 52 60 64 71 72 77 81 85
1 3 5 7 13 18 22 25 29 35 40 45 49 53 54 61 66 72 85
2 3 6 9 13 20 23 27 31 36 39 45 47 52 54 60 70 72 79 84
1 3 5 16 18 24 28 32 35 39 45 47 52 54 57 61 65 71 72 79 84
1 4 6 11 16 20 21 27 30 36 40 45 49 53 54 57 71 72 77 85
2 3 5 9 13 20 23 29 35 39 71 72 85
1 3 5 7 15 20 51 54 66 71 72 79 81 84
1 3 5 9 16 20 23 25 33 36 41 45 49 52 56 57 61 65 71 72 79 84
1 3 5 23 27 31 37 42 45 49 53 55 61 66 71 72 84
2 3 5 7 12 18 21 25 29 35 39 45 47 52 54 61 62 70 72 85
1 4 5 11 16 23 27 33 36 39 45 71 72 78 81 84
1 3 5 11 15 18 29 38 43 70 74 85
1 3 5 16 23 32 36 42 46 52 59 71 72 84
1 3 5 9 15 20 21 25 29 35 40 45 49 51 55 61 71 74 77 81 84
