2 4 6 9 16 20 21 25 30 35 38 45 48 53 57 58 62 71 72 77 85
2 3 5 11 16 20 21 25 31 35 41 44 48 51 54 71 72 77 84
1 3 5 16 20 23 29 35 46 53 55 66 71 74 84
1 4 6 9 16 20 21 25 29 35 40 45 48 59 62 71 72 84
2 3 5 8 13 20 22 25 31 35 38 45 48 51 54 58 66 71 73 85
1 3 5 7 16 20 21 27 34 36 40 46 48 52 56 57 65 71 72 79 84
1 3 5 16 23 27 33 36 39 46 49 56 61 65 71 72 78 81 84
1 3 5 9 16 21 31 35 39 43 47 51 54 61 65 71 72 78 81 84
2 3 5 9 13 18 23 31 35 38 43 47 62 71 72 85
1 3 5 9 16 20 23 27 31 35 42 46 50 52 55 57 61 66 71 72 79 81 84
1 3 5 9 16 20 24 27 31 36 40 45 49 52 54 60 66 71 72 78 81 84
1 3 5 7 16 20 23 27 32 36 41 46 52 54 66 71 74 79 81 84
2 3 5 9 15 22 29 36 40 45 47 52 54 63 70 72 85
2 3 5 9 15 19 29 35 40 48 51 56 57 58 70 72 85
1 3 5 9 16 20 21 25 31 35 41 46 49 52 54 61 65 71 72 77 81 84
1 3 5 9 15 20 25 29 35 40 44 48 60 71 72 77 82 84
2 3 5 7 13 21 25 29 35 40 45 48 71 72 78 81 85
1 3 5 11 16 20 34 36 41 46 49 51 61 66 71 74 84
1 3 5 9 16 20 23 27 33 36 45 49 52 56 61 66 71 76 84
2 3 5 10 16 23 27 33 36 41 45 50 52 54 61 66 85
2 3 5 16 20 24 27 31 36 41 46 49 56 63 71 72 84
1 3 5 24 27 36 39 46 47 71 74 79 81 84
2 3 5 9 13 20 21 25 29 35 40 43 48 58 70 72 85
1 4 6 11 16 20 23 25 30 35 39 45 50 51 54 61 65 71 72 79 84
1 3 5 11 15 19 21 25 29 35 40 43 47 51 54 60 66 71 73 84
1 3 5 9 16 27 34 36 39 46 48 52 56 57 61 65 71 72 82 84
2 3 5 11 13 20 22 25 29 35 40 43 47 58 71 73 77 81 85
2 3 5 13 20 21 25 29 35 40 45 47 52 54 62 72 85
1 3 5 9 16 20 24 27 31 36 40 45 49 52 54 60 66 71 72 78 81 84
2 3 5 9 15 20 21 25 31 35 39 43 51 54 61 66 71 72 85
1 3 5 11 16 20 24 27 30 36 41 46 50 61 66 71 74 79 81 84
2 3 5 9 13 20 21 25 29 35 38 43 47 58 62 71 72 85
1 3 5 9 13 20 23 27 29 35 38 45 58 62 70 74 85
2 3 5 13 20 35 71 72 78 81 84
1 3 5 7 16 20 83 84
2 3 5 11 16 20 21 25 33 35 40 45 48 52 54 60 64 71 72 78 81 85
1 3 5 16 23 27 32 36 46 50 52 54 57 71 74 79 81 84
