1 3 5 9 16 20 23 27 32 35 39 45 49 56 57 61 66 71 73 85
1 3 5 16 20 23 27 32 36 41 45 50 71 72 84
2 3 5 9 16 20 21 25 30 35 39 44 47 61 62 71 72 85
2 3 5 9 15 20 23 27 32 35 38 46 48 52 57 63 71 72 77 85
1 3 5 9 16 20 25 30 35 39 46 48 58 66 71 72 79 81 84
1 3 5 11 20 23 25 31 35 41 46 48 52 70 72 77 81 84
2 3 5 7 15 20 24 25 31 35 44 47 51 54 58 62 71 72 85
1 3 5 8 16 20 23 27 31 35 42 45 49 51 54 71 72 79 84
2 3 5 11 13 19 23 25 29 35 39 45 48 63 70 74 85
2 3 5 9 13 20 23 25 29 35 40 45 47 85
1 4 5 10 16 20 43 52 58 70 72 77 81 84
1 3 5 16 24 27 34 36 42 46 50 61 66 71 72 79 81 84
1 3 5 11 15 20 23 25 29 35 41 45 47 60 71 74 84
2 4 6 16 20 22 25 29 35 41 43 47 58 71 72 85
2 3 5 11 15 20 21 25 31 35 40 45 50 52 66 71 74 84
1 3 5 7 15 20 23 25 31 35 41 43 47 51 54 67 72 84
1 3 5 84
1 3 5 16 32 36 42 46 50 51 54 66 68 74 85
2 3 5 7 15 20 85
1 3 5 7 16 20 23 25 32 36 41 46 49 51 54 70 73 79 81 85
1 3 5 11 13 20 22 25 32 39 45 47 58 71 72 84
2 3 5 9 16 20 22 25 30 35 38 45 47 51 54 71 74 85
1 3 5 11 16 20 24 28 34 35 39 46 47 51 56 57 65 71 72 79 81 84
2 3 6 9 16 18 23 25 29 36 41 49 51 56 71 72 84
2 3 5 9 16 21 26 31 35 38 43 47 51 54 58 62 71 74 85
1 4 6 11 16 20 21 27 34 36 42 45 48 51 54 71 72 84
2 3 5 11 15 20 23 25 29 35 38 43 47 52 54 60 62 71 72 85
2 3 5 7 13 20 23 25 31 35 40 44 49 52 54 66 69 72 77 81 84
1 3 5 16 27 46 50 66 84
2 3 5 9 15 20 21 25 29 35 43 47 52 54 61 64 71 72 85
1 3 5 9 16 20 23 27 31 35 57 71 72 81 84
1 3 5 11 16 24 27 33 36 39 46 49 52 56 57 71 72 79 81 85
1 3 5 7 16 22 25 29 35 40 45 49 52 54 61 66 71 72 84
2 3 5 15 20 21 31 35 52 56 57 71 72 85
1 3 5 12 20 21 25 32 35 42 45 49 52 56 57 65 71 72 84
1 4 6 9 16 20 23 25 30 35 40 46 47 58 70 72 84
2 3 5 9 15 20 39 56 57 58 62 71 76 84
