2 3 5 16 23 27 31 36 42 46 50 51 55 61 66 71 84
1 3 5 9 12 18 84
2 3 5 7 16 20 23 27 33 36 41 43 48 51 55 59 62 71 72 78 81 85
2 3 5 9 16 20 24 27 32 36 39 46 50 51 54 71 75 78 81 85
1 3 5 11 16 20 24 28 36 42 46 78 81 85
1 4 6 11 16 20 24 25 34 36 39 46 50 51 55 57 60 71 72 79 82 84
2 3 5 9 16 21 25 33 36 40 45 47 51 56 57 60 65 71 74 77 81 84
2 3 5 9 16 20 23 26 30 35 40 44 47 52 55 58 62 71 72 85
1 3 5 10 16 21 25 31 35 41 46 49 52 54 60 66 71 72 77 81 84
1 3 5 7 16 20 21 27 30 35 41 45 49 51 58 66 70 72 78 84
1 3 5 9 15 20 27 31 35 51 54 58 71 72 84
1 3 5 9 13 20 21 25 29 35 40 43 47 59 62 71 72 77 85
1 3 5 9 16 20 21 25 31 35 40 45 47 52 54 60 63 71 74 84
2 3 5 9 13 18 22 25 31 35 40 46 49 51 55 57 58 65 70 72 84
2 3 5 9 15 20 21 29 35 38 45 47 52 56 57 61 64 71 72 85
2 3 5 10 16 20 23 27 36 39 46 48 51 55 61 66 71 72 84
1 3 5 7 13 20 23 27 29 35 40 45 48 60 71 74 84
2 3 5 16 20 23 28 31 35 41 46 50 52 54 60 66 71 72 84
2 3 5 7 13 20 33 35 71 72 85
1 3 5 12 18 21 25 29 35 38 44 47 51 54 58 66 71 84
1 3 5 71 72 84
2 4 6 11 16 20 71 72 81 84
2 3 5 16 20 23 27 32 36 42 46 48 61 71 72 79 81 85
1 3 5 7 16 20 23 27 34 35 39 46 50 53 55 57 61 66 71 75 85
1 3 5 9 13 20 23 32 42 46 49 52 54 61 66 71 74 84
1 3 5 9 16 20 70 72 84
2 3 5 11 16 20 23 27 34 35 42 46 47 56 61 71 72 81 85
2 3 5 10 16 23 27 33 36 41 45 50 52 54 61 66 85
2 3 5 9 16 20 35 85
1 3 5 16 18 21 25 32 35 42 45 49 56 57 71 72 77 84
1 3 5 11 16 20 23 27 32 35 46 56 57 71 72 84
2 3 5 11 15 21 25 29 35 40 45 48 51 54 58 64 69 72 77 82 85
1 3 5 9 13 20 35 71 72 84
1 3 5 10 16 20 24 27 35 39 46 49 61 71 74 78 81 84
1 4 6 71 72 78 84
1 3 5 9 13 18 21 25 29 35 40 45 49 52 54 61 66 71 74 84
