2 4 6 9 16 21 29 35 42 45 47 52 54 60 71 72 77 81 85
2 3 5 11 15 20 38 43 51 54 58 70 73 85
1 3 5 16 20 24 27 32 36 42 46 54 61 66 84
1 3 5 7 13 27 29 35 39 45 48 53 54 60 66 70 79 81 84
1 3 5 20 24 27 31 42 46 49 52 61 65 71 72 79 84
1 3 5 16 20 36 42 50 53 54 66 84
2 3 5 11 13 21 25 30 35 38 45 48 51 54 63 71 72 77 81 85
1 3 6 10 16 20 21 25 29 35 40 45 47 52 54 61 66 71 72 77 84
1 3 5 9 16 20 22 27 29 35 39 46 49 53 55 57 61 66 71 72 84
2 3 5 11 16 20 23 27 29 36 39 45 49 52 54 57 58 66 71 72 79 81 84
1 3 5 7 15 20 25 30 35 40 45 49 52 54 60 66 71 74 84
1 3 6 9 16 20 23 25 29 35 39 43 47 52 55 57 58 65 68 72 77 81 84
1 3 5 9 16 20 21 25 31 35 39 46 48 52 56 57 65 71 72 84
1 4 6 9 16 20 23 27 31 35 42 43 49 52 55 57 59 70 72 78 81 84
2 3 5 23 28 34 41 50 84
1 3 5 16 20 23 27 32 36 42 46 50 51 54 61 71 74 79 81 84
1 3 5 8 16 18 21 25 31 35 40 45 48 52 61 65 69 72 78 81 84
2 3 5 20 23 25 29 35 40 45 48 71 74 85
2 3 5 9 16 20 23 25 31 36 40 45 48 53 56 61 65 71 72 78 81 85
1 3 5 9 15 29 35 47 52 54 71 72 84
1 3 5 9 15 20 21 27 31 35 41 46 47 52 56 57 59 66 71 72 77 81 84
2 3 5 9 13 18 21 25 29 35 38 43 47 71 73 85
1 3 6 11 16 20 22 27 29 35 45 47 51 55 71 72 84
1 3 5 9 15 20 21 25 29 36 38 44 47 52 58 62 71 72 78 83 85
2 3 5 9 15 20 22 25 29 35 38 48 52 54 63 71 72 85
2 3 5 7 16 20 34 36 71 72 85
1 3 5 9 16 18 21 25 30 35 39 43 47 51 54 58 65 71 74 79 81 84
2 3 5 9 16 20 21 25 35 40 45 51 54 71 72 77 81 85
1 3 5 16 23 35 46 48 52 54 60 65 71 72 84
1 3 5 7 13 17 25 32 35 40 45 47 51 54 60 64 67 72 79 84
1 3 6 9 16 20 36 71 72 84
2 3 5 11 16 20 22 30 35 39 43 48 51 54 61 65 71 72 84
2 3 5 11 16 20 23 27 34 36 39 46 49 51 55 60 66 71 72 78 81 85
2 4 6 16 20 24 28 32 36 42 46 50 84
2 3 5 7 16 20 24 27 34 36 39 46 49 51 54 61 66 71 72 78 81 84
1 3 5 7 13 18 23 25 31 35 44 48 52 54 58 65 71 72 78 81 84
2 3 5 7 16 18 23 27 32 36 39 46 48 56 57 60 64 71 72 79 83 84
