1 3 5 11 16 18 25 29 39 45 61 65 84
1 3 5 7 16 20 23 31 35 41 44 50 52 55 57 58 66 71 72 77 84
1 3 5 13 22 25 29 35 38 45 47 51 54 66 71 72 84
1 3 5 16 20 22 30 35 42 45 49 52 55 71 72 84
1 3 5 11 16 20 21 25 33 36 42 46 50 53 54 61 65 71 72 78 84
1 4 6 11 16 20 21 29 35 41 43 49 59 70 72 84
1 3 5 9 16 20 24 27 32 35 39 46 50 51 54 61 66 71 72 77 83 84
1 3 5 9 15 20 21 25 29 35 38 44 47 52 58 62 71 72 78 83 85
1 3 5 9 13 20 21 26 30 35 39 44 84
2 3 5 11 16 18 23 36 40 45 48 52 54 60 71 72 77 85
1 4 5 9 16 20 27 35 39 46 71 74 84
1 3 5 16 20 23 27 32 36 42 46 49 53 61 66 71 72 79 81 84
1 3 5 11 24 27 34 36 41 46 48 51 56 57 61 65 71 79 81 84
1 3 5 23 25 29 35 39 45 49 51 56 57 61 65 78 84
1 3 5 11 16 20 22 27 29 35 45 47 51 55 57 58 66 71 72 84
2 3 5 9 13 20 22 25 31 35 40 45 47 58 64 70 72 85
2 3 5 7 15 20 22 27 31 35 38 45 48 53 54 57 71 72 85
1 3 5 10 16 20 23 27 35 41 45 50 84
1 3 5 9 16 20 23 25 29 35 40 46 47 52 55 61 65 71 75 77 81 84
2 3 5 8 15 22 25 29 35 38 43 47 51 54 71 74 85
1 3 5 16 20 23 25 31 35 40 45 48 51 54 60 65 67 74 78 81 84
2 3 5 11 15 20 23 25 29 35 38 45 48 52 54 60 63 71 72 77 85
1 3 6 7 13 18 23 25 29 36 38 43 47 61 63 71 72 79 83 84
1 3 5 16 19 32 35 41 54 57 78 81 84
1 3 6 7 15 20 23 27 35 41 46 47 52 54 58 71 72 78 81 84
1 4 6 11 16 20 23 33 35 40 45 50 53 61 71 78 84
2 3 6 11 16 18 23 25 33 35 39 46 48 51 55 57 65 71 72 78 81 84
1 3 5 16 23 27 31 35 41 46 50 61 66 71 74 84
2 3 5 11 15 21 25 29 35 38 45 47 58 64 67 74 85
2 3 5 16 20 31 35 45 47 52 54 60 63 71 72 84
2 3 5 18 21 25 30 35 39 43 48 53 54 58 64 71 72 78 85
2 3 5 9 13 20 21 25 31 35 38 45 47 58 70 73 77 81 85
2 3 5 7 15 20 23 25 32 35 38 43 49 52 54 58 62 71 72 84
1 3 5 7 16 22 25 29 35 39 43 47 51 54 58 70 74 78 81 84
2 3 5 22 25 31 35 39 45 48 52 54 60 64 85
2 3 5 11 16 20 22 25 31 35 40 45 48 51 54 58 66 71 72 77 85
1 3 5 7 16 20 22 32 35 40 49 55 57 60 65 71 72 78 84
