2 3 5 9 13 18 23 25 29 43 48 58 71 74 85
1 3 5 9 16 20 22 27 32 35 41 45 49 52 60 65 79 84
1 4 6 9 16 20 24 28 34 40 45 49 58 71 72 79 81 84
1 3 5 9 16 20 34 36 41 45 47 55 58 65 71 72 78 81 84
1 3 5 9 13 18 21 25 29 35 38 44 47 52 54 58 63 71 72 84
1 3 5 9 15 20 21 25 33 35 41 45 47 52 56 57 58 71 72 78 81 84
2 3 5 21 25 31 35 38 45 47 59 63 71 72 85
2 3 5 9 16 20 21 25 31 35 39 45 48 51 55 60 71 74 85
2 3 5 9 16 20 27 33 36 47 51 55 66 71 72 78 81 85
1 3 5 9 13 20 23 25 30 35 40 45 49 52 54 58 66 71 72 78 81 84
1 3 5 9 16 20 21 25 29 35 40 43 61 65 71 72 78 83 84
1 3 5 16 23 28 32 35 41 46 50 51 54 66 71 74 78 81 84
2 3 5 10 13 20 21 25 29 35 39 43 47 60 63 71 74 85
2 3 6 11 23 27 32 36 40 46 49 56 57 61 66 72 77 84
1 3 5 11 16 21 25 33 36 40 45 48 52 55 61 65 71 72 84
2 3 5 9 13 18 23 31 35 38 47 63 71 72 85
1 3 5 11 16 20 23 27 31 35 39 45 49 52 55 57 60 62 71 72 79 84
2 3 5 7 16 20 23 25 29 35 40 45 48 51 56 57 71 72 84
3 5 9 15 20 23 25 31 35 41 45 47 52 54 60 66 71 74 78 81 84
2 3 5 10 16 20 23 25 30 35 39 43 48 60 63 71 73 85
1 3 5 84
2 3 5 9 16 18 23 25 31 35 40 45 47 51 54 59 63 71 72 85
1 3 5 11 16 20 24 27 33 36 39 45 49 51 56 65 71 72 79 84
1 3 5 8 16 23 27 34 35 42 46 47 52 56 60 62 71 72 79 81 84
2 3 5 7 15 20 23 29 35 40 46 49 52 55 61 66 68 72 78 84
2 3 5 9 15 20 23 25 30 35 39 45 48 56 57 65 71 72 79 85
1 3 5 16 23 27 34 36 42 45 49 51 56 61 66 71 72 79 84
2 3 5 16 20 23 25 29 35 40 45 47 52 54 58 71 72 84
1 3 5 16 20 23 28 33 36 39 45 48 52 54 61 66 71 72 84
2 3 5 9 15 20 22 25 33 35 40 43 47 54 63 71 72 79 81 85
1 3 5 9 16 20 23 25 33 36 41 45 49 52 56 57 61 65 71 72 79 84
2 3 5 7 15 18 21 25 29 35 39 45 48 52 54 60 66 70 73 77 81 85
2 3 5 9 16 20 21 25 30 35 39 43 47 52 54 58 71 74 77 81 85
1 3 5 23 27 31 36 42 45 49 53 55 61 66 71 72 84
2 3 5 10 16 20 21 25 33 36 39 44 47 52 54 59 64 71 72 78 81 85
1 3 5 9 16 20 21 31 36 46 50 52 56 57 66 71 74 84
2 3 5 8 13 20 21 25 29 40 44 47 51 54 60 64 70 72 85
