1 3 5 10 16 20 23 27 31 35 39 46 49 51 56 57 71 74 79 81 84
2 4 6 9 16 20 21 25 30 35 38 45 48 53 57 58 62 71 72 77 85
2 3 5 11 16 20 21 25 31 35 41 44 48 51 54 71 72 77 84
2 3 5 9 13 18 23 25 29 43 48 58 71 74 85
1 3 5 9 16 20 22 27 32 35 41 45 49 52 60 65 79 84
1 3 5 16 20 23 29 35 46 53 55 66 71 74 84
1 3 6 85
1 3 5 11 16 18 25 29 39 45 61 65 84
2 3 5 16 23 27 31 36 42 46 50 51 55 61 66 71 84
2 4 6 9 16 21 29 35 42 45 47 52 54 60 71 72 77 81 85
1 3 5 7 16 20 23 31 35 41 44 50 52 55 57 58 66 71 72 77 84
1 4 6 9 16 20 21 25 29 35 40 45 48 59 62 71 72 84
2 3 5 8 13 20 22 25 31 35 38 45 48 51 54 58 66 71 73 85
1 3 5 11 16 20 23 27 31 36 39 45 49 52 55 57 60 62 71 72 79 84
1 3 5 9 16 20 23 27 32 35 39 45 49 56 57 61 66 71 73 85
1 3 5 16 20 23 27 32 36 41 45 50 71 72 84
1 3 5 7 16 20 21 27 34 36 40 46 48 52 56 57 65 71 72 79 84
2 3 5 10 16 20 23 27 36 42 46 50 60 66 71 72 85
1 3 5 13 22 25 29 35 38 45 47 51 54 66 71 72 84
1 4 6 9 16 20 24 28 34 40 45 49 58 71 72 79 81 84
1 3 5 9 12 18 84
2 3 5 9 16 20 22 26 30 35 38 43 47 53 54 58 62 71 74 85
1 3 5 9 16 20 34 36 41 45 47 55 58 65 71 72 78 81 84
2 3 5 9 16 20 21 25 30 35 39 44 47 61 62 71 72 85
1 3 5 10 16 21 25 35 43 47 70 72 77 84
2 3 5 9 15 20 23 27 32 35 38 46 48 52 57 63 71 72 77 85
1 3 5 9 13 18 21 25 29 35 38 44 47 52 54 58 63 71 72 84
2 3 5 7 16 20 23 27 33 36 41 43 48 51 55 59 62 71 72 78 81 85
1 3 5 9 16 20 25 30 35 39 46 48 58 66 71 72 79 81 84
1 3 5 9 15 20 21 25 33 35 41 45 47 52 56 57 58 71 72 78 81 84
2 3 5 21 25 31 35 38 45 47 59 63 71 72 85
1 3 5 11 20 23 25 31 35 41 46 48 52 70 72 77 81 84
1 3 5 9 16 20 24 27 29 35 40 45 49 53 56 61 66 69 72 79 81 84
2 3 5 11 15 20 38 43 51 54 58 70 73 85
1 3 5 16 20 22 30 35 42 45 49 52 55 71 72 84
2 3 5 9 16 20 21 25 31 35 39 45 48 51 55 60 71 74 85
1 3 5 11 16 20 21 25 33 36 42 46 50 53 54 61 65 71 72 78 84
2 3 5 9 16 20 24 27 32 36 39 46 50 51 54 71 75 78 81 85
1 4 6 11 16 20 21 29 35 41 43 49 59 70 72 84
2 3 5 9 16 20 27 33 36 47 51 55 66 71 72 78 81 85
1 3 5 9 16 20 24 27 32 35 39 46 50 51 54 61 66 71 72 77 83 84
1 3 5 16 23 27 33 36 39 46 49 56 61 65 71 72 78 81 84
1 3 5 11 16 20 24 28 36 42 46 78 81 85
1 3 5 9 16 20 25 35 42 45 66 70 74 84
2 3 5 7 15 20 24 25 31 35 44 47 51 54 58 62 71 72 85
1 4 6 11 16 20 24 25 34 36 39 46 50 51 55 57 60 71 72 79 82 84
1 3 5 9 13 20 23 25 30 35 40 45 49 52 54 58 66 71 72 78 81 84
1 3 5 9 15 20 21 25 29 35 38 44 47 52 58 62 71 72 78 83 85
1 3 5 8 16 20 23 27 31 35 42 45 49 51 54 71 72 79 84
2 3 5 9 16 21 25 33 36 40 45 47 51 56 57 60 65 71 74 77 81 84
2 3 5 11 13 19 23 25 29 35 39 45 48 63 70 74 85
1 3 5 9 16 21 31 35 39 43 47 51 54 61 65 71 72 78 81 84
2 3 5 9 13 18 23 31 35 38 43 47 62 71 72 85
1 3 5 16 20 24 27 32 36 42 46 54 61 66 84
1 3 5 7 13 27 29 35 39 45 48 53 54 60 66 70 79 81 84
2 3 5 9 16 20 21 25 31 35 40 48 52 54 60 66 71 72 78 81 85
1 3 5 20 24 27 31 42 46 49 52 61 65 71 72 79 84
1 3 5 9 13 20 21 26 30 35 39 44 84
2 3 5 9 15 18 21 25 29 35 38 45 51 54 60 63 71 72 78 81 85
1 3 5 16 20 36 42 50 53 54 66 84
2 3 5 11 13 21 25 30 35 38 45 48 51 54 63 71 72 77 81 85
1 3 6 10 16 20 21 25 29 35 40 45 47 52 54 61 66 71 72 77 84
1 3 5 9 16 20 23 27 31 35 42 46 50 52 55 57 61 66 71 72 79 81 84
2 3 5 11 16 18 23 36 40 45 48 52 54 60 71 72 77 85
1 3 5 9 16 20 21 25 29 35 40 43 61 65 71 72 78 83 84
1 3 5 9 16 20 24 27 31 36 40 45 49 52 54 60 66 71 72 78 81 84
2 3 5 11 16 20 24 27 34 45 49 71 72 85
1 3 5 16 23 28 32 35 41 46 50 51 54 66 71 74 78 81 84
2 3 5 9 16 20 23 26 30 35 40 44 47 52 55 58 62 71 72 85
1 3 5 41 51 54 66 70 73 78 81 84
1 3 5 9 16 20 23 27 31 35 41 46 49 52 54 60 66 71 72 79 81 84
2 3 5 9 13 20 23 25 29 35 40 45 47 85
1 3 5 7 16 20 23 27 32 36 41 46 52 54 66 71 74 79 81 84
1 3 5 11 16 20 23 25 32 36 40 45 48 51 55 57 61 66 71 72 79 82 84
1 3 5 7 13 20 61 62 70 73 77 81 85
1 4 5 10 16 20 43 52 58 70 72 77 81 84
2 3 5 9 15 22 29 36 40 45 47 52 54 63 70 72 85
1 3 5 10 16 21 25 31 35 41 46 49 52 54 60 66 71 72 77 81 84
1 3 5 7 16 20 22 27 31 35 41 45 49 70 72 77 84
2 3 5 9 15 19 29 35 40 48 51 56 57 58 70 72 85
1 3 5 7 16 20 21 27 30 35 41 45 49 51 58 66 70 72 78 84
1 4 5 9 16 20 27 35 39 46 71 74 84
2 3 5 10 13 20 21 25 29 35 39 43 47 60 63 71 74 85
1 3 5 9 15 20 27 31 35 51 54 58 71 72 84
1 3 5 16 24 27 34 36 42 46 50 61 66 71 72 79 81 84
1 3 5 9 12 20 23 25 29 35 41 44 48 53 56 57 60 71 74 78 81 85
1 3 5 16 20 23 27 32 36 42 46 49 53 61 66 71 72 79 81 84
1 3 5 16 20 24 32 36 39 46 66 71 74 85
2 3 5 16 20 23 27 30 35 39 45 49 52 54 60 71 75 84
1 3 5 9 16 20 22 27 29 35 39 46 49 53 55 57 61 66 71 72 84
2 3 5 7 15 20 23 25 29 35 39 43 51 54 60 63 71 72 77 81 85
2 3 5 11 16 20 23 27 29 36 39 45 49 52 54 57 58 66 71 72 79 81 84
1 3 5 11 15 20 21 25 30 35 39 45 48 51 54 60 65 71 72 78 84
1 3 5 9 13 20 21 25 29 35 40 43 47 59 62 71 72 77 85
1 3 5 7 15 20 25 30 35 40 45 49 52 54 60 66 71 74 84
1 3 5 9 16 20 21 25 31 35 40 45 47 52 54 60 63 71 74 84
1 3 5 8 13 20 28 31 36 42 46 50 51 54 60 66 71 74 79 81 84
2 3 5 9 15 20 22 25 31 35 38 45 48 52 54 60 66 71 73 77 81 85
1 3 5 9 16 20 21 25 31 35 41 46 49 52 54 61 65 71 72 77 81 84
1 3 5 9 15 20 25 29 35 40 44 48 60 71 72 77 82 84
2 4 6 9 16 20 21 25 30 35 38 45 48 53 57 71 72 77 81 85
1 3 5 11 24 27 34 36 41 46 48 51 56 57 61 65 71 79 81 84
1 4 6 16 20 23 27 32 36 41 46 49 53 61 66 71 72 79 81 85
1 3 5 11 15 20 23 25 29 35 41 45 47 60 71 74 84
2 3 5 9 13 18 22 25 31 35 40 46 49 51 55 57 58 65 70 72 84
2 3 5 9 15 20 21 29 35 38 45 47 52 56 57 61 64 71 72 85
1 3 5 23 25 29 35 39 45 49 51 56 57 61 65 78 84
1 3 5 9 15 20 21 25 30 35 38 44 47 51 54 58 71 72 85
1 3 6 9 16 20 23 25 29 35 39 43 47 52 55 57 58 65 68 72 77 81 84
2 3 5 7 15 20 24 25 31 35 44 47 51 54 58 62 71 72 85
1 3 5 9 16 20 21 25 31 35 39 46 48 52 56 57 65 71 72 84
2 3 5 9 13 20 21 25 31 35 40 45 47 58 62 70 72 85
1 4 6 9 16 20 23 27 31 35 42 43 49 52 55 57 59 70 72 78 81 84
2 3 5 7 16 20 23 25 29 35 40 45 48 51 56 57 71 72 84
2 3 5 7 13 21 25 29 35 40 45 48 71 72 78 81 85
1 3 5 11 16 20 34 36 41 46 49 51 61 66 71 74 84
2 3 5 10 16 22 26 29 35 38 44 48 52 54 58 62 71 72 85
1 3 5 7 16 20 31 36 41 46 48 52 56 57 61 65 71 72 79 81 84
1 3 5 11 16 20 22 27 29 35 45 47 51 55 57 58 66 71 72 84
1 3 6 9 20 23 27 34 36 42 50 51 54 71 72 84
2 3 5 23 28 34 41 50 84
2 4 6 16 20 22 25 29 35 41 43 47 58 71 72 85
1 3 5 16 20 23 27 32 36 42 46 50 51 54 61 71 74 79 81 84
2 3 5 9 15 20 22 27 31 37 40 43 48 52 55 65 71 72 85
1 3 5 9 16 20 23 27 33 36 45 49 52 56 61 66 71 76 84
1 3 5 8 16 18 21 25 31 35 40 45 48 52 61 65 69 72 78 81 84
2 3 5 20 23 25 29 35 40 45 48 71 74 85
2 3 5 11 15 20 21 25 31 35 40 45 50 52 66 71 74 84
2 3 6 11 23 27 32 36 40 46 49 56 57 61 66 72 77 84
2 3 5 9 16 20 23 25 31 36 40 45 48 53 56 61 65 71 72 78 81 85
2 3 5 11 16 20 23 27 29 36 39 45 49 52 54 57 58 66 71 72 79 81 84
2 3 5 10 16 23 27 33 36 41 45 50 52 54 61 66 85
1 3 5 10 16 21 25 31 35 40 45 49 52 56 57 61 66 71 74 84
2 3 5 9 16 34 85
1 4 6 9 16 20 24 28 34 40 45 49 58 71 72 79 81 84
1 4 6 9 16 20 23 27 30 35 40 45 49 51 54 70 72 78 81 84
1 3 5 11 16 21 25 33 36 40 45 48 52 55 61 65 71 72 84
2 3 5 9 13 20 22 25 31 35 40 45 47 58 64 70 72 85
2 3 5 10 16 20 23 27 36 39 46 48 51 55 61 66 71 72 84
1 3 5 9 13 18 23 25 29 35 39 44 47 51 54 61 66 69 72 85
1 3 5 7 13 20 23 27 29 35 40 45 48 60 71 74 84
1 3 5 7 15 20 23 25 31 35 41 43 47 51 54 67 72 84
1 3 5 7 16 20 31 35 39 45 49 69 73 81 85
1 3 5 9 15 29 35 47 52 54 71 72 84
1 4 6 71 72 84
2 3 5 9 13 18 23 31 35 38 47 63 71 72 85
1 3 5 84
2 4 6 11 16 20 70 72 85
1 3 5 11 16 20 23 27 31 35 39 45 49 52 55 57 60 62 71 72 79 84
1 3 5 9 13 20 23 35 38 45 48 71 73 77 81 84
1 3 5 9 15 20 21 27 31 35 41 46 47 52 56 57 59 66 71 72 77 81 84
2 3 5 16 20 24 27 31 36 41 46 49 56 63 71 72 84
2 3 5 9 13 20 23 27 30 36 39 46 47 52 61 85
2 3 5 16 20 23 28 31 35 41 46 50 52 54 60 66 71 72 84
2 3 5 9 13 18 21 25 29 35 38 43 47 71 73 85
2 3 5 7 16 20 23 25 29 35 40 45 48 51 56 57 71 72 84
3 5 9 15 20 23 25 31 35 41 45 47 52 54 60 66 71 74 78 81 84
2 3 5 7 13 20 33 35 71 72 85
1 3 5 9 16 18 23 27 31 35 46 49 53 55 57 71 74 84
2 3 5 10 15 20 25 30 36 40 46 47 52 55 57 63 71 72 85
2 3 5 16 24 27 32 36 42 46 50 51 54 61 66 71 72 79 84
2 3 5 7 15 20 22 27 31 35 38 45 48 53 54 57 71 72 85
1 3 5 24 27 36 39 46 47 71 74 79 81 84
1 3 6 9 20 23 27 34 36 42 50 51 54 71 72 84
2 3 5 10 16 20 23 25 30 35 39 43 48 60 63 71 73 85
1 3 5 10 16 20 23 27 35 41 45 50 84
1 3 5 12 18 21 25 29 35 38 44 47 51 54 58 66 71 84
2 3 5 9 13 20 21 25 29 35 40 43 48 58 70 72 85
1 3 5 9 16 20 21 27 30 36 39 45 49 55 57 61 71 72 78 84
1 3 5 11 23 25 31 35 42 46 48 70 72 78 84
2 3 5 11 15 20 21 25 29 35 40 45 48 51 54 58 64 70 72 77 82 85
1 3 5 71 72 84
1 4 6 11 16 20 23 25 30 35 39 45 50 51 54 61 65 71 72 79 84
2 4 6 11 16 20 71 72 81 84
1 3 5 84
1 3 5 16 32 36 42 46 50 51 54 66 68 74 85
2 3 5 7 15 20 85
1 3 5 10 16 20 22 27 32 36 41 46 49 52 54 60 66 71 74 84
1 3 5 11 15 19 21 25 29 35 40 43 47 51 54 60 66 71 73 84
1 3 5 9 16 20 23 25 29 35 40 46 47 52 55 61 65 71 75 77 81 84
2 3 5 16 20 23 27 32 36 42 46 48 61 71 72 79 81 85
1 3 5 9 15 20 21 25 29 35 40 45 49 51 54 60 66 71 72 84
2 3 5 8 15 22 25 29 35 38 43 47 51 54 71 74 85
2 3 5 7 16 20 23 26 32 36 41 45 49 53 54 61 65 71 79 81 84
1 3 5 16 20 23 25 31 35 40 45 48 51 54 60 65 67 74 78 81 84
1 3 5 7 16 20 23 27 34 35 39 46 50 53 55 57 61 66 71 75 85
1 3 6 11 16 20 22 27 29 35 45 47 51 55 71 72 84
1 3 5 9 15 20 21 25 29 36 38 44 47 52 58 62 71 72 78 83 85
1 3 5 9 13 20 23 32 42 46 49 52 54 61 66 71 74 84
1 3 5 7 16 20 23 25 32 36 41 46 49 51 54 70 73 79 81 85
1 3 5 7 16 20 23 34 36 42 46 49 52 55 58 66 71 72 79 81 84
1 3 5 11 13 20 22 25 32 39 45 47 58 71 72 84
2 3 5 9 16 20 22 25 30 35 38 45 47 51 54 71 74 85
2 3 5 11 16 20 23 27 33 40 45 49 55 71 72 79 83 84
2 3 5 11 16 23 27 33 35 39 45 47 51 54 61 62 71 72 84
2 3 5 10 15 21 25 29 35 40 43 47 52 54 58 71 72 78 83 85
3 5 9 16 20 25 32 36 39 66 84
2 3 5 9 16 18 23 25 31 35 40 45 47 51 54 59 63 71 72 85
1 3 5 9 16 20 23 32 36 42 46 50 52 55 61 66 71 72 84
1 3 5 9 16 20 24 32 36 42 45 47 51 56 57 65 71 72 82 84
2 3 5 9 15 20 22 25 29 35 38 48 52 54 63 71 72 85
1 3 5 9 16 20 70 72 84
1 3 5 11 16 20 24 28 34 35 39 46 47 51 56 57 65 71 72 79 81 84
2 3 5 7 16 20 34 36 71 72 85
1 3 5 9 16 18 21 25 30 35 39 43 47 51 54 58 65 71 74 79 81 84
1 3 6 8 16 84
2 3 5 9 16 20 21 25 35 40 45 51 54 71 72 77 81 85
1 3 5 9 16 27 34 36 39 46 48 52 56 57 61 65 71 72 82 84
2 3 5 11 16 20 23 27 34 35 42 46 47 56 61 71 72 81 85
1 3 5 11 16 20 23 27 29 35 39 45 47 52 54 71 72 79 84
1 3 5 16 23 35 46 48 52 54 60 65 71 72 84
2 3 5 11 15 20 23 25 29 35 38 45 48 52 54 60 63 71 72 77 85
1 3 6 7 13 18 23 25 29 36 38 43 47 61 63 71 72 79 83 84
1 3 6 10 12 20 71 72 84
2 3 5 7 15 20 21 25 29 35 38 43 47 51 54 58 71 72 85
2 3 6 9 16 18 23 25 29 36 41 49 51 56 71 72 84
2 3 5 9 16 20 23 27 31 43 47 52 54 61 71 74 78 81 85
1 3 5 11 16 20 24 27 33 36 39 45 49 51 56 65 71 72 79 84
1 3 5 7 16 20 23 25 32 35 42 45 49 52 56 57 61 71 72 84
2 3 5 10 16 23 27 33 36 41 45 50 52 54 61 66 85
1 3 5 9 16 20 21 27 31 35 42 45 47 51 54 60 71 72 79 81 84
1 3 5 9 15 20 21 25 33 35 41 45 47 52 56 57 58 71 72 78 81 84
2 3 5 7 13 18 23 25 29 35 40 43 48 52 60 64 71 72 77 81 85
1 3 5 7 13 18 22 25 29 35 40 45 49 53 54 61 66 72 85
2 3 5 9 13 20 29 35 67 72 84
2 3 6 9 13 20 23 27 31 36 39 45 47 52 54 60 70 72 79 84
2 3 5 9 16 20 35 85
1 3 5 16 18 24 28 32 35 39 45 47 52 54 57 61 65 71 72 79 84
1 3 5 8 16 23 27 34 35 42 46 47 52 56 60 62 71 72 79 81 84
2 3 5 9 13 20 25 29 35 41 45 48 51 54 61 71 74 85
1 3 5 9 16 20 24 27 32 36 42 46 50 61 66 71 72 84
2 3 5 9 16 21 26 31 35 38 43 47 51 54 58 62 71 74 85
2 3 5 7 15 20 23 29 35 40 46 49 52 55 61 66 68 72 78 84
1 3 5 11 12 20 22 31 35 39 45 70 74 81 84
1 3 5 15 20 23 27 32 35 40 46 49 52 54 61 65 71 72 84
1 4 6 11 16 20 21 27 34 36 42 45 48 51 54 71 72 84
2 3 5 11 13 20 22 25 29 35 40 43 47 58 71 73 77 81 85
1 3 5 7 13 17 25 32 35 40 45 47 51 54 60 64 67 72 79 84
2 3 5 11 15 20 23 25 29 35 38 43 47 52 54 60 62 71 72 85
1 3 5 16 19 32 35 41 54 57 78 81 84
2 3 5 7 13 20 23 25 31 35 40 44 49 52 54 66 69 72 77 81 84
1 4 6 11 16 20 21 27 30 36 40 45 49 53 54 57 71 72 77 85
1 3 5 9 16 20 22 25 30 35 40 52 61 71 72 77 83 84
1 3 6 7 15 20 23 27 35 41 46 47 52 54 58 71 72 78 81 84
2 3 5 9 15 20 23 25 30 35 39 45 48 56 57 65 71 72 79 85
1 3 5 16 18 21 25 32 35 42 45 49 56 57 71 72 77 84
1 4 6 11 16 20 23 33 35 40 45 50 53 61 71 78 84
2 3 6 11 16 18 23 25 33 35 39 46 48 51 55 57 65 71 72 78 81 84
2 3 5 9 13 20 23 29 35 39 71 72 85
1 3 5 16 23 27 34 36 42 45 49 51 56 61 66 71 72 79 84
1 3 5 7 15 20 51 54 66 71 72 79 81 84
2 3 5 9 15 20 21 25 29 35 38 45 47 52 54 60 63 71 72 77 85
1 3 5 16 23 27 31 35 41 46 50 61 66 71 74 84
1 3 5 16 27 46 50 66 84
2 3 5 13 20 21 25 29 35 40 45 47 52 54 62 72 85
1 3 5 7 16 20 23 27 31 35 40 45 49 53 54 61 65 71 72 79 81 84
1 3 5 9 15 18 23 25 29 35 45 48 51 54 58 64 71 72 78 81 85
2 3 5 16 20 23 25 29 35 40 45 47 52 54 58 71 72 84
1 3 5 7 16 20 21 29 35 42 45 47 54 70 74 78 81 84
2 4 6 11 16 20 35 67 72 85
1 3 5 9 16 20 24 27 31 36 40 45 49 52 54 60 66 71 72 78 81 84
1 3 6 9 16 20 21 36 45 49 58 84
2 3 5 9 15 20 21 25 31 35 39 43 51 54 61 66 71 72 85
1 3 6 9 16 20 36 71 72 84
2 3 5 11 15 21 25 29 35 38 45 47 58 64 67 74 85
1 3 5 11 16 20 23 27 32 35 46 56 57 71 72 84
2 3 5 16 20 31 35 45 47 52 54 60 63 71 72 84
2 3 5 18 21 25 30 35 39 43 48 53 54 58 64 71 72 78 85
1 3 5 9 16 20 23 25 33 36 41 45 49 52 56 57 61 65 71 72 79 84
1 3 5 11 16 20 24 27 30 36 41 46 50 61 66 71 74 79 81 84
1 3 5 16 20 23 28 33 36 39 45 48 52 54 61 66 71 72 84
2 3 5 9 13 20 21 25 31 35 38 45 47 58 70 73 77 81 85
2 3 5 7 16 20 23 35 40 49 52 55 57 61 65 71 72 84
2 3 5 9 13 20 21 25 29 35 39 45 47 64 71 72 84
2 3 5 9 15 20 21 25 29 35 43 47 52 54 61 64 71 72 85
1 3 5 7 15 18 21 31 35 40 43 49 52 54 60 64 71 72 78 84
2 3 5 7 13 20 23 27 30 35 38 46 47 51 54 66 71 72 84
2 3 5 85
1 3 5 7 16 20 23 27 32 35 41 45 48 61 65 71 72 79 81 84
2 3 5 11 15 21 25 29 35 40 45 48 51 54 58 64 69 72 77 82 85
1 3 5 9 16 20 23 27 31 35 57 71 72 81 84
2 3 5 11 16 20 22 30 35 39 43 48 51 54 61 65 71 72 84
2 3 5 11 13 20 35 71 72 85
2 3 5 7 15 20 23 25 32 35 38 43 49 52 54 58 62 71 72 84
1 3 5 9 16 18 23 27 33 35 40 45 47 52 54 57 59 66 71 72 78 81 84
2 3 5 9 15 20 22 25 33 35 40 43 47 54 63 71 72 79 81 85
1 3 5 7 16 22 25 29 35 39 43 47 51 54 58 70 74 78 81 84
1 3 5 23 27 31 37 42 45 49 53 55 61 66 71 72 84
1 3 5 11 16 24 27 33 36 39 46 49 52 56 57 71 72 79 81 85
1 3 5 9 13 20 35 71 72 84
2 3 5 11 16 20 23 27 34 36 39 46 49 51 55 60 66 71 72 78 81 85
1 3 5 9 16 20 23 25 33 36 41 45 49 52 56 57 61 65 71 72 79 84
1 3 5 7 16 22 25 29 35 40 45 49 52 54 61 66 71 72 84
2 3 5 7 12 18 21 25 29 35 39 45 47 52 54 61 62 70 72 85
1 3 5 16 20 23 27 32 36 42 46 50 53 56 61 65 71 72 84
2 3 5 9 13 20 21 25 29 35 38 43 47 58 62 71 72 85
1 3 5 10 16 20 24 27 34 36 45 71 84
2 3 5 8 16 20 23 27 32 36 42 46 50 53 55 57 61 66 71 72 84
2 3 5 15 20 21 31 35 52 56 57 71 72 85
1 3 5 12 20 21 25 32 35 42 45 49 52 56 57 65 71 72 84
1 3 5 10 16 20 24 27 35 39 46 49 61 71 74 78 81 84
1 3 5 9 13 20 23 27 29 35 38 45 58 62 70 74 85
2 3 5 13 20 35 71 72 78 81 84
1 3 5 9 15 21 27 31 35 40 46 50 51 56 57 61 66 71 74 84
1 3 5 67 72 84
1 4 6 9 16 20 23 25 30 35 40 46 47 58 70 72 84
2 4 6 16 20 24 28 32 36 42 46 50 84
2 3 5 22 25 31 35 39 45 48 52 54 60 64 85
2 3 5 7 16 20 24 27 34 36 39 46 49 51 54 61 66 71 72 78 81 84
2 3 5 7 15 18 21 25 29 35 39 45 48 52 54 60 66 70 73 77 81 85
2 3 5 9 16 20 21 25 30 35 39 43 47 52 54 58 71 74 77 81 85
1 4 6 71 72 78 84
1 4 5 11 16 23 27 33 36 39 45 71 72 78 81 84
2 3 5 7 13 20 21 25 31 35 43 47 58 70 72 85
1 3 5 7 16 20 24 27 32 35 41 46 49 52 54 60 66 71 72 84
1 3 5 11 15 18 29 38 43 70 74 85
1 3 5 23 27 31 36 42 45 49 53 55 61 66 71 72 84
1 3 5 7 13 18 23 25 31 35 44 48 52 54 58 65 71 72 78 81 84
2 3 5 10 16 20 21 25 33 36 39 44 47 52 54 59 64 71 72 78 81 85
1 3 5 7 16 20 83 84
2 3 5 7 16 18 23 27 32 36 39 46 48 56 57 60 64 71 72 79 83 84
1 3 5 9 16 20 21 31 36 46 50 52 56 57 66 71 74 84
2 3 5 11 16 20 22 25 31 35 40 45 48 51 54 58 66 71 72 77 85
1 3 5 16 23 32 36 42 46 52 59 71 72 84
1 3 5 9 15 20 21 25 29 35 40 45 49 51 55 61 71 74 77 81 84
2 3 5 11 16 20 21 25 33 35 40 45 48 52 54 60 64 71 72 78 81 85
1 3 5 16 23 27 32 36 46 50 52 54 57 71 74 79 81 84
1 3 5 7 16 20 22 32 35 40 49 55 57 60 65 71 72 78 84
2 3 5 8 13 20 21 25 29 40 44 47 51 54 60 64 70 72 85
1 3 5 9 13 18 21 25 29 35 40 45 49 52 54 61 66 71 74 84
2 3 5 9 15 20 39 56 57 58 62 71 76 84
