2 3 5 23 27 29 35 42 45 49 51 54 61 66 71 72 84
1 4 6 11 16 20 84
2 3 5 11 16 20 22 25 29 35 38 43 47 52 59 71 72 78 81 85
2 3 5 7 15 20 21 25 31 35 38 45 48 58 71 72 85
1 3 5 16 20 21 31 36 39 45 48 52 61 66 70 72 84
2 3 5 7 16 23 27 31 35 40 45 48 52 56 65 71 72 79 81 84
1 3 5 16 20 23 27 32 36 42 46 50 53 56 61 65 71 72 84
1 3 5 9 16 22 27 30 35 42 45 49 51 55 57 58 66 70 72 78 81 84
2 3 5 7 16 20 23 31 36 39 44 47 64 69 79 83 85
1 3 5 9 15 21 25 29 35 38 44 50 52 55 61 66 84
1 3 5 7 16 20 23 27 29 35 40 45 48 52 55 57 60 65 70 72 84
2 3 5 9 16 20 24 27 29 35 39 46 49 52 55 57 71 72 77 81 85
1 3 6 7 13 21 25 29 35 38 43 47 58 62 78 81 84
2 3 5 9 13 23 25 29 35 38 43 48 52 54 60 63 70 72 78 85
1 3 5 9 16 23 27 32 36 42 46 49 52 54 61 65 71 72 78 81 84
1 3 5 16 20 23 27 31 35 45 52 54 65 71 73 81 85
1 3 5 16 20 23 25 32 35 39 45 49 56 61 65 71 74 79 81 84
1 3 5 8 15 20 22 25 30 35 39 45 49 56 57 61 66 84
1 3 5 11 16 20 32 35 40 46 48 61 63 71 76 78 81 85
2 3 5 11 15 20 22 29 35 38 43 47 51 54 58 62 70 74 85
1 3 5 16 20 23 28 33 36 39 45 48 52 54 61 66 71 72 84
2 3 5 9 13 20 21 25 29 35 38 45 47 60 64 70 72 85
1 3 5 9 16 27 35 42 45 47 54 58 62 71 75 77 81 84
1 3 5 7 16 20 21 31 36 40 45 48 61 66 79 84
1 3 6 15 20 21 25 31 35 46 47 52 54 58 65 71 72 77 84
1 3 5 11 16 20 33 35 45 49 51 61 71 74 77 81 85
2 3 6 9 15 18 22 25 30 35 40 47 52 59 71 72 77 85
2 3 5 9 15 20 21 25 29 35 38 45 47 52 54 60 63 71 72 77 83 85
1 3 6 7 16 20 21 25 30 35 39 45 47 51 54 59 66 71 72 77 84
2 3 5 11 13 20 22 25 30 35 38 43 58 62 71 73 85
1 3 5 9 13 20 24 25 29 35 40 45 48 52 55 61 65 71 72 84
2 3 5 7 15 20 29 35 45 71 72 77 82 85
1 3 5 9 13 20 29 35 45 60 71 73 85
2 3 5 16 23 27 31 36 42 46 50 54 61 66 71 84
1 4 6 9 16 20 21 27 30 35 39 45 50 71 72 77 84
2 3 5 9 16 20 21 25 29 36 38 45 47 60 70 74 85
1 3 5 9 16 20 23 27 32 35 42 46 49 52 54 60 65 71 72 84
