1 3 5 10 16 20 23 27 31 35 39 46 49 51 56 57 71 74 79 81 84
1 3 5 11 16 20 23 27 31 36 39 45 49 52 55 57 60 62 71 72 79 84
1 3 5 9 16 20 24 27 29 35 40 45 49 53 56 61 66 69 72 79 81 84
2 3 5 9 15 18 21 25 29 35 38 45 51 54 60 63 71 72 78 81 85
2 3 5 11 16 20 24 27 34 45 49 71 72 85
1 3 5 9 16 20 23 27 31 35 41 46 49 52 54 60 66 71 72 79 81 84
2 3 5 16 20 23 27 30 35 39 45 49 52 54 60 71 75 84
1 3 5 11 15 20 21 25 30 35 39 45 48 51 54 60 65 71 72 78 84
1 4 6 16 20 23 27 32 36 41 46 49 53 61 66 71 72 79 81 85
2 3 5 7 15 20 24 25 31 35 44 47 51 54 58 62 71 72 85
1 3 5 7 16 20 31 36 41 46 48 52 56 57 61 65 71 72 79 81 84
2 3 5 9 16 34 85
1 4 6 9 16 20 23 27 30 35 40 45 49 51 54 70 72 78 81 84
2 3 5 10 15 20 25 30 36 40 46 47 52 55 57 63 71 72 85
1 3 5 9 16 20 21 27 30 36 39 45 49 55 57 61 71 72 78 84
2 3 5 11 15 20 21 25 29 35 40 45 48 51 54 58 64 70 72 77 82 85
1 3 5 10 16 20 22 27 32 36 41 46 49 52 54 60 66 71 74 84
2 3 5 11 16 23 27 33 35 39 45 47 51 54 61 62 71 72 84
2 3 5 10 15 21 25 29 35 40 43 47 52 54 58 71 72 78 83 85
3 5 9 16 20 25 32 36 39 66 84
1 3 5 9 16 20 23 32 36 42 46 50 52 55 61 66 71 72 84
2 3 5 9 16 20 23 27 31 43 47 52 54 61 71 74 78 81 85
2 3 5 9 13 20 25 29 35 41 45 48 51 54 61 71 74 85
1 3 5 9 16 20 24 27 32 36 42 46 50 61 66 71 72 84
1 3 5 9 16 20 22 25 30 35 40 52 61 71 72 77 83 84
2 3 5 9 15 20 21 25 29 35 38 45 47 52 54 60 63 71 72 77 85
1 3 5 7 16 20 23 27 31 35 40 45 49 53 54 61 65 71 72 79 81 84
1 3 5 7 16 20 21 29 35 42 45 47 54 70 74 78 81 84
2 3 5 9 13 20 21 25 29 35 39 45 47 64 71 72 84
1 3 5 7 15 18 21 31 35 40 43 49 52 54 60 64 71 72 78 84
1 3 5 7 16 20 23 27 32 35 41 45 48 61 65 71 72 79 81 84
1 3 5 9 16 18 23 27 33 35 40 45 47 52 54 57 59 66 71 72 78 81 84
2 3 5 8 16 20 23 27 32 36 42 46 50 53 55 57 61 66 71 72 84
1 3 5 67 72 84
2 3 5 7 13 20 21 25 31 35 43 47 58 70 72 85
1 3 5 7 16 20 24 27 32 35 41 46 49 52 54 60 66 71 72 84
