2 3 7 11 16 20 23 29 32 38 41 48 50 57 60 65 70 75 80 85 92 95 102 104 111 114 121 124 131 136 141 145 149 154 156
2 3 7 11 16 20 23 29 32 38 41 48 50 57 60 65 70 75 80 85 92 95 102 104 111 114 121 124 131 136 140 145 148 154 156
2 3 5 11 16 20 25 29 34 38 43 48 52 57 62 67 72 77 82 87 92 95 102 106 111 116 121 124 131 136 141 145 150 154 156
2 3 7 11 16 18 25 27 34 36 43 46 52 55 62 65 72 75 82 85 92 95 102 104 111 114 121 124 131 134 141 143 150 152 156
2 3 7 9 16 20 25 27 34 38 44 46 52 57 62 65 72 75 82 85 92 97 102 106 111 114 121 124 131 134 141 143 150 152 156
1 3 4 8 16 17 22 30 33 38 44 45 53 54 61 67 71 77 81 87 89 98 102 103 108 117 122 127 130 136 141 145 150 154 157
2 3 7 11 16 20 25 29 34 38 43 48 52 57 62 67 73 77 82 87 92 97 102 104 111 114 121 124 131 136 141 145 150 154 156
2 3 4 11 13 20 22 28 33 36 42 46 51 57 61 65 71 77 80 87 91 97 102 106 110 116 121 124 130 136 140 145 150 152 157
1 3 4 11 16 21 22 29 34 39 42 48 53 54 61 67 71 77 81 87 91 97 101 106 110 116 122 123 130 136 138 146 150 154 157
2 3 4 11 13 20 25 30 31 35 42 48 53 55 61 67 71 77 79 88 93 98 102 103 110 116 122 123 130 136 140 145 150 155 157
2 3 7 11 16 20 25 27 34 36 43 46 52 57 62 65 72 75 82 85 92 95 102 104 110 114 121 124 130 134 140 143 149 152 156
2 3 4 8 13 17 22 30 34 38 43 45 49 54 61 68 72 77 82 85 91 95 101 106 110 116 121 124 130 135 140 145 150 154 157
2 3 5 11 16 20 25 29 34 38 43 48 52 57 62 67 72 77 82 85 92 97 102 106 111 116 121 124 131 136 141 145 150 154 156
1 3 4 8 13 20 22 29 33 38 42 48 51 57 63 64 71 77 79 84 91 97 102 107 112 113 122 123 130 136 140 145 150 154 157
2 3 7 12 13 20 25 26 31 35 44 48 53 54 61 67 73 74 83 88 91 97 102 103 108 113 122 127 128 137 138 146 150 154 157
2 3 7 11 16 20 25 27 34 36 43 46 52 55 62 65 72 75 82 85 92 95 102 104 111 114 121 124 131 134 141 143 150 152 156
2 3 4 9 13 20 25 26 34 38 43 48 52 54 61 67 72 75 82 85 91 97 101 106 111 116 122 124 131 134 141 143 150 154 157
2 3 7 11 16 18 25 27 34 36 44 46 53 55 63 65 73 75 83 85 93 95 102 104 112 114 122 124 132 134 141 143 150 152 156
2 3 4 11 13 20 22 29 31 39 42 48 53 57 61 65 71 77 79 84 91 97 102 103 110 116 122 124 130 136 140 145 150 154 157
2 3 5 11 16 20 22 30 32 38 40 48 49 55 59 65 70 74 82 84 91 95 102 104 111 116 121 124 131 136 141 146 148 155 156
2 3 5 11 16 20 23 29 33 38 42 48 50 57 60 67 70 77 80 85 91 95 101 104 109 116 121 124 131 134 141 143 150 154 156
1 3 4 11 13 21 25 30 31 35 42 48 49 54 59 65 69 74 83 84 93 94 101 106 112 113 118 123 130 136 141 142 150 154 157
1 3 7 8 16 21 25 26 34 39 44 45 53 58 63 64 73 74 83 88 93 98 102 103 112 113 122 123 132 137 141 142 150 155 157
2 3 7 11 16 20 25 29 34 38 43 48 52 57 62 67 72 77 82 87 92 97 102 106 111 116 121 126 131 136 141 145 150 154 156
2 3 7 11 16 18 25 27 34 38 43 47 53 55 63 65 72 75 82 85 93 95 102 104 111 114 121 124 131 134 141 143 150 152 156
1 3 4 11 16 21 25 30 33 38 42 48 49 54 61 67 69 74 81 87 91 97 102 107 110 116 122 127 130 136 138 146 150 154 157
2 3 4 11 14 20 23 29 34 38 43 46 52 57 61 67 70 77 80 87 90 95 102 106 109 114 121 124 129 136 139 143 150 154 157
2 3 4 8 13 20 23 26 34 38 40 45 51 57 61 67 73 75 82 85 92 94 99 103 112 114 118 123 128 133 141 142 150 154 157
2 3 7 11 16 20 25 29 34 38 43 48 52 57 62 67 72 77 82 87 92 97 102 106 111 116 121 124 131 136 140 145 150 154 156
1 3 7 8 16 21 25 26 34 39 44 45 53 54 63 64 73 78 83 88 93 98 102 103 112 117 122 127 132 137 141 146 150 151 157
2 3 7 11 16 20 25 29 34 38 43 48 52 57 60 67 70 77 80 87 90 97 100 106 109 116 119 124 129 134 139 143 148 152 156
2 3 7 11 16 20 25 28 34 37 43 46 52 56 62 65 72 76 82 85 92 96 102 104 111 114 121 124 131 134 141 143 150 152 156
2 3 4 11 16 20 23 29 33 38 42 48 51 57 61 67 71 77 81 87 91 97 101 106 110 116 121 124 130 136 140 145 150 154 156
2 3 5 11 14 20 23 29 34 37 43 48 52 57 62 67 72 75 82 87 92 97 102 106 111 114 121 124 131 136 141 145 150 153 156
2 3 7 11 16 20 23 29 34 38 43 48 52 57 62 67 72 77 82 87 92 97 102 104 111 116 121 124 131 136 141 145 150 154 156
2 3 7 11 16 18 25 26 34 38 43 45 53 55 63 64 72 77 82 85 93 95 102 106 111 114 121 124 131 136 141 143 150 152 156
