2 3 7 11 16 19 25 29 34 38 44 48 52 57 62 67 73 76 82 85 92 97 102 106 111 116 121 124 131 136 141 145 150 154 156
2 3 6 11 16 20 23 29 32 38 41 48 50 57 60 65 70 75 81 85 92 95 102 104 111 114 121 124 131 136 141 145 148 154 156
2 3 7 12 16 17 25 29 34 38 43 48 52 57 62 67 72 75 82 87 92 97 102 106 112 114 121 124 131 136 141 143 150 154 157
2 3 7 11 16 20 23 29 34 38 41 48 50 57 60 67 70 77 80 87 90 95 100 104 109 114 119 124 131 134 141 143 150 152 156
2 3 7 11 16 20 25 29 34 38 43 48 52 57 62 67 72 77 81 87 92 97 101 106 109 116 119 126 129 136 139 145 148 154 156
2 3 4 11 13 20 22 29 34 38 43 48 51 57 61 67 71 75 82 85 91 95 101 106 110 114 121 124 129 136 140 145 150 154 157
1 3 7 8 13 21 22 30 34 39 44 48 49 54 59 64 73 78 83 84 89 94 99 103 112 116 122 123 132 133 138 146 147 155 157
2 3 4 11 16 20 25 28 33 38 44 45 53 57 63 65 73 74 81 87 93 95 102 104 110 116 122 123 130 136 141 145 150 152 157
2 3 7 11 16 19 25 28 34 38 43 48 52 57 62 67 73 77 82 86 92 97 102 106 112 116 121 124 131 136 141 145 150 153 156
1 3 4 12 16 17 22 30 33 38 44 48 49 55 63 68 69 74 83 84 89 94 102 107 112 113 122 127 132 137 140 145 147 151 157
2 3 5 11 15 20 23 29 34 36 43 46 52 57 62 67 72 77 82 87 92 96 102 104 111 116 121 124 131 136 141 145 150 154 156
2 3 7 8 16 21 25 26 34 35 44 45 53 56 63 64 73 78 83 85 93 98 102 103 110 116 122 127 132 134 141 146 150 155 157
2 3 7 8 16 17 25 26 34 36 44 46 52 54 63 65 73 74 82 85 92 94 102 104 111 114 121 124 131 133 141 142 150 152 156
1 3 7 8 13 20 22 29 34 39 44 45 50 58 61 67 69 78 83 88 89 98 102 106 108 117 122 127 132 133 141 146 150 155 157
2 3 7 11 16 20 25 29 34 38 43 48 52 57 62 67 72 77 82 87 92 97 102 106 111 116 121 124 131 136 141 145 150 154 156
2 3 4 11 13 20 22 27 33 36 42 48 51 57 61 67 71 77 81 87 91 97 101 106 110 116 121 124 130 136 140 145 150 154 157
2 3 7 11 16 20 25 29 34 39 44 48 53 58 63 67 73 78 83 88 92 98 102 107 111 117 121 127 131 137 139 146 148 155 156
2 3 7 11 16 20 23 30 34 38 41 48 50 57 59 67 70 75 80 85 90 95 100 104 111 113 121 124 131 133 141 143 150 154 156
2 3 7 11 16 18 25 27 34 36 43 46 52 55 62 65 72 75 82 85 92 95 102 104 111 114 121 124 131 134 141 143 150 152 156
2 3 4 11 16 19 25 27 34 36 43 46 52 55 62 65 72 75 82 87 92 95 102 104 111 116 121 124 131 134 141 143 150 152 156
2 3 7 11 16 20 25 29 34 36 43 48 52 57 62 67 72 77 82 87 92 95 102 106 111 115 121 124 131 135 141 145 150 154 156
2 3 7 11 16 20 25 29 34 38 43 48 52 57 62 67 72 75 82 85 92 97 102 106 111 114 121 124 131 136 141 145 150 154 156
2 3 4 11 13 20 23 28 33 36 42 47 51 56 61 65 71 76 81 87 91 97 102 105 110 116 121 124 130 136 140 144 149 154 157
2 3 7 11 16 20 23 29 32 38 41 48 50 57 60 67 70 77 79 87 90 95 100 104 109 114 121 124 131 134 141 143 150 152 156
2 3 7 11 16 20 23 29 34 38 41 48 50 57 60 67 70 77 80 87 90 95 100 104 109 114 120 124 131 134 141 143 150 152 156
2 3 5 11 16 20 24 29 34 36 43 48 52 55 62 65 72 75 82 85 92 95 102 104 111 114 121 124 131 135 141 143 150 152 156
2 3 7 11 16 18 25 27 34 36 44 46 53 55 63 65 72 75 82 85 92 95 102 104 111 114 121 124 131 134 141 143 150 152 156
2 3 7 8 13 20 25 26 34 38 41 45 51 57 61 67 72 74 82 85 91 97 102 103 108 113 118 123 132 133 141 142 150 154 157
2 3 7 11 16 20 23 29 33 38 41 48 50 57 60 67 70 77 80 85 90 95 100 104 110 114 121 124 131 134 141 143 150 152 156
2 3 5 11 14 19 23 29 34 38 43 48 52 57 62 67 72 77 82 87 92 97 102 106 111 116 121 124 131 136 141 145 150 154 156
2 3 7 11 16 20 23 29 32 39 41 48 50 57 60 67 70 75 80 85 90 95 102 104 111 114 121 124 131 134 141 145 150 154 156
2 3 7 11 16 20 25 29 34 37 43 46 52 57 62 67 73 77 83 87 92 97 102 106 111 116 121 124 131 134 141 145 150 154 156
2 3 7 11 16 20 25 29 34 38 43 48 52 57 62 67 72 77 82 87 92 97 102 106 110 116 120 125 130 136 139 145 148 154 156
2 3 7 11 16 19 25 27 34 36 43 46 52 55 62 65 72 77 82 87 92 95 102 104 111 114 121 124 131 134 141 143 150 152 156
2 3 6 11 16 18 25 29 34 36 43 48 52 55 62 66 72 77 82 85 92 95 102 104 111 114 121 124 131 136 141 145 150 154 156
