2 3 4 11 13 20 22 26 33 38 43 46 51 57 61 67 71 77 81 87 91 97 101 106 110 116 121 123 130 136 140 142 150 154 157
2 3 7 11 16 20 25 29 34 36 43 46 52 57 62 68 72 77 82 87 93 95 102 103 111 116 121 124 131 136 141 145 150 155 157
2 3 7 8 16 20 25 27 34 36 44 48 53 57 63 65 73 74 83 84 92 97 102 106 112 114 122 124 132 134 141 146 150 152 157
2 3 4 11 13 20 23 29 33 38 42 48 51 55 61 67 71 77 81 87 92 96 102 106 110 115 121 124 130 135 140 144 150 154 157
2 3 7 11 16 20 25 29 34 38 43 48 52 57 61 67 70 77 80 87 90 97 100 106 109 116 119 124 129 134 139 143 148 152 156
2 3 7 11 16 18 25 27 34 36 43 46 52 55 62 65 72 75 82 85 92 95 102 104 111 114 121 124 131 134 141 143 150 152 156
2 3 7 11 16 20 25 29 34 36 43 46 52 55 62 67 72 77 82 85 92 95 102 104 111 114 121 124 131 134 141 145 150 153 156
2 3 7 11 16 19 25 29 34 37 43 48 52 55 62 67 73 76 83 87 92 95 102 105 111 114 121 124 131 136 141 143 150 154 156
2 3 7 11 16 20 25 29 34 38 43 48 52 57 62 67 72 77 82 87 92 97 102 106 111 116 121 124 131 136 141 145 150 154 156
2 3 7 9 16 21 25 26 33 38 42 48 51 57 59 67 72 75 79 85 90 98 101 106 112 117 121 127 132 134 141 146 148 155 157
2 3 7 12 16 17 25 26 34 39 44 48 53 58 63 64 73 78 83 88 93 98 102 107 112 117 122 124 130 136 141 142 150 151 157
2 3 7 11 16 19 25 28 34 36 43 46 53 55 62 65 72 75 82 85 93 95 102 104 111 114 121 124 131 134 141 143 150 152 156
2 3 7 12 13 20 22 29 33 38 43 45 50 57 60 67 72 78 81 87 91 97 102 106 108 113 122 123 132 137 140 145 150 154 157
2 3 5 12 13 17 25 30 34 38 41 48 51 57 61 67 70 74 81 85 92 95 99 107 111 113 122 124 132 137 141 142 150 155 157
2 3 7 11 16 20 23 29 33 38 41 48 50 57 60 67 70 75 80 85 90 95 101 104 110 114 121 124 131 134 141 143 150 154 156
2 3 7 12 13 21 22 29 33 38 41 46 51 55 61 65 71 77 81 87 91 97 101 106 110 116 121 124 130 136 140 145 150 154 157
1 3 7 12 13 20 25 26 34 35 44 48 53 58 63 64 73 78 83 88 93 94 99 103 112 113 122 123 132 137 140 145 150 151 157
2 3 7 11 16 20 25 29 34 38 43 47 53 57 63 67 73 77 82 87 92 97 102 105 111 116 121 124 131 136 141 145 150 154 156
2 3 7 10 16 20 25 29 34 38 43 46 52 57 62 67 72 77 82 87 92 97 102 106 111 116 121 124 131 136 141 145 150 154 156
1 3 4 11 13 20 22 29 33 38 42 48 51 57 61 67 71 77 81 87 91 97 101 106 110 116 122 123 130 136 140 145 150 154 157
2 3 7 11 16 20 25 29 34 38 43 48 52 57 63 67 72 77 82 87 92 97 102 106 111 116 121 124 131 136 141 145 150 154 156
2 3 7 11 16 20 25 29 34 38 43 48 52 57 63 67 72 77 83 87 92 97 102 106 112 116 121 124 131 136 141 145 150 154 156
2 3 7 11 16 20 23 29 33 38 41 48 50 57 60 67 70 77 80 85 90 95 100 104 110 114 121 124 131 134 141 143 150 154 156
2 3 7 11 15 20 23 30 32 38 41 48 50 57 60 65 70 75 80 85 92 95 102 104 111 114 121 124 131 136 141 145 148 154 156
2 3 4 8 13 21 22 29 33 38 40 48 51 57 60 64 72 77 82 87 91 97 99 104 109 117 122 127 128 136 140 145 150 154 157
2 3 7 11 13 18 22 28 34 38 43 47 49 57 59 67 72 76 82 86 89 97 100 106 111 116 121 124 131 134 138 143 147 152 157
2 3 4 11 13 20 22 29 33 38 42 48 49 58 63 67 71 77 81 87 91 97 101 106 110 116 122 127 130 136 140 145 150 154 157
2 3 7 11 16 20 25 29 34 38 43 48 52 57 62 67 72 77 82 87 92 97 102 106 111 116 121 124 131 136 141 145 150 154 156
2 3 7 11 13 20 25 29 34 39 43 48 51 57 62 67 71 78 80 87 91 97 100 106 108 117 119 127 128 136 138 145 150 154 157
2 3 7 11 16 17 22 26 34 36 43 45 52 54 60 64 71 75 82 84 91 95 101 104 109 114 119 124 130 134 139 143 148 153 157
2 3 7 11 16 20 25 28 34 36 43 46 52 57 62 65 72 77 82 87 92 96 102 104 111 115 121 124 131 134 141 143 150 154 156
2 3 7 11 13 17 22 26 34 38 43 48 51 57 60 64 72 75 82 85 91 97 100 106 111 114 121 124 131 134 139 143 148 152 157
2 3 4 11 13 18 22 27 34 38 42 46 51 57 61 65 71 75 80 85 91 97 102 106 110 115 121 124 130 136 140 145 150 154 157
2 3 7 12 13 21 22 26 34 38 43 48 52 57 62 67 72 76 82 87 91 97 100 104 112 114 122 123 132 134 141 145 150 154 157
2 3 7 11 16 20 25 29 34 38 43 48 52 57 62 67 72 77 82 87 92 97 102 106 111 116 121 124 131 136 141 145 150 154 156
