2 3 6 8 13 20 22 29 34 39 44 46 51 57 61 67 72 75 82 84 93 94 101 106 110 116 122 124 130 134 140 145 150 154 157
2 3 4 11 13 18 23 27 34 36 43 47 52 57 62 65 72 76 81 87 92 97 102 106 111 114 121 124 131 134 141 143 150 152 157
2 3 7 11 16 20 23 29 33 39 41 48 50 57 60 67 70 77 79 87 90 95 100 104 109 114 119 124 130 134 141 143 150 152 156
2 3 7 11 16 18 25 27 34 36 43 46 52 57 62 65 72 75 83 85 92 97 102 104 111 114 121 124 131 134 141 143 150 152 156
2 3 7 11 16 20 25 29 34 38 43 48 52 57 62 67 71 78 81 87 91 97 100 106 109 116 119 126 129 136 139 145 148 154 156
2 3 4 11 13 20 22 29 33 38 44 46 52 57 61 67 71 77 81 87 91 95 101 107 108 116 121 126 130 133 140 143 148 152 157
2 3 7 8 16 21 22 30 34 35 44 45 49 54 59 68 73 78 83 88 89 98 102 103 112 113 122 127 132 137 138 146 147 155 157
2 3 4 11 13 20 22 29 34 35 43 48 50 54 60 67 72 77 81 87 91 97 101 103 110 116 122 123 130 136 140 145 150 154 157
2 3 7 11 16 21 23 30 32 38 41 48 49 57 60 65 70 75 80 85 92 94 102 104 111 114 121 124 131 136 141 146 148 154 156
2 3 7 11 16 20 25 29 34 38 43 48 52 57 62 67 72 75 82 85 92 97 102 106 111 114 121 124 131 136 141 143 150 152 156
2 3 7 11 16 20 25 29 34 38 43 48 52 57 62 67 71 77 80 87 91 97 100 106 109 116 119 124 129 136 139 145 148 154 156
1 3 4 11 13 20 25 26 33 38 40 45 51 57 61 67 73 78 79 84 91 97 101 106 112 117 122 127 130 136 141 146 150 154 157
2 3 7 11 16 20 23 29 34 38 41 48 50 57 60 67 70 77 80 85 90 95 100 104 109 114 121 124 131 134 141 143 150 152 156
2 3 4 11 13 17 22 30 33 38 40 48 53 58 63 64 71 77 81 87 89 94 99 107 112 116 122 123 130 136 138 142 147 155 157
2 3 7 11 16 20 25 29 34 38 43 48 52 57 62 67 72 77 82 87 92 97 102 106 111 116 121 126 131 136 140 145 148 154 156
1 3 7 8 16 17 25 26 34 35 44 48 53 58 63 64 73 78 83 88 93 98 102 103 112 113 122 123 132 136 140 145 150 151 157
2 3 7 11 16 20 25 29 34 38 43 48 52 57 62 67 72 77 82 86 92 97 102 106 111 115 121 124 131 134 141 145 150 154 156
2 3 7 11 16 18 25 26 34 38 43 45 52 55 62 65 72 75 81 84 92 97 102 104 111 114 121 124 131 134 141 143 148 151 156
2 3 7 11 16 20 25 29 34 38 43 48 52 57 62 67 72 77 82 87 92 97 102 106 111 116 121 124 131 136 141 145 150 154 156
2 3 4 11 13 20 23 27 34 36 43 46 52 57 62 65 71 77 82 87 92 97 100 104 112 116 121 124 130 136 140 145 150 152 157
2 3 7 11 16 20 25 27 34 38 43 48 53 57 62 67 72 75 82 85 92 97 102 104 111 115 121 124 132 136 141 143 150 152 156
2 3 7 11 16 20 25 29 34 38 43 48 52 57 63 67 72 77 83 87 92 97 102 106 111 116 121 124 131 136 141 145 150 154 156
2 3 7 11 16 18 25 27 34 36 43 48 52 55 62 65 73 75 82 85 92 95 102 104 112 114 121 124 131 134 141 143 150 152 156
2 3 7 11 16 20 25 27 34 38 43 48 52 55 62 67 72 75 82 85 93 97 102 104 111 116 121 124 131 134 141 143 150 152 156
2 3 7 10 16 18 25 27 34 36 43 46 52 55 62 65 72 75 82 85 92 95 102 104 111 114 121 124 130 134 140 143 148 152 156
2 3 7 11 16 18 25 27 34 36 43 45 52 55 62 65 72 75 82 85 92 95 102 104 111 114 121 124 130 134 140 143 148 152 156
2 3 7 11 16 20 23 29 33 38 41 48 50 57 60 67 70 77 80 85 90 95 100 104 110 114 121 124 131 134 141 143 150 152 156
2 3 7 11 16 19 25 29 34 36 44 47 53 55 63 65 73 75 82 87 92 95 102 104 111 114 121 124 131 136 141 143 150 152 156
2 3 7 11 16 18 25 29 34 36 43 46 52 55 62 65 72 75 82 85 92 95 102 104 111 114 121 124 131 134 141 143 150 152 156
2 3 7 11 16 18 25 27 34 36 43 46 52 55 62 65 72 75 82 85 92 95 102 104 111 114 121 124 131 134 141 143 150 152 156
2 3 7 11 16 18 25 27 34 38 43 48 52 55 62 67 72 75 82 85 92 97 102 106 111 115 121 124 131 134 141 144 150 152 156
2 3 4 9 13 20 22 29 33 38 42 48 51 57 61 65 71 77 83 85 91 97 102 103 110 114 122 124 128 136 140 145 150 152 157
2 3 7 11 16 20 25 29 34 37 43 48 52 57 62 67 72 77 82 87 92 97 102 106 111 116 121 124 131 134 141 145 150 154 156
2 3 7 11 16 18 25 28 34 38 43 48 52 57 62 67 72 77 82 87 92 97 102 106 111 116 121 124 131 136 141 145 150 154 156
2 3 7 11 16 21 25 30 32 39 40 48 51 58 59 68 69 77 79 85 89 95 99 104 109 113 121 123 132 133 140 142 150 152 156
