2 3 7 11 16 20 25 29 34 38 43 48 52 57 62 67 71 77 80 87 91 97 100 106 109 116 119 124 129 136 139 145 148 154 156
2 3 7 11 16 20 25 29 34 38 43 48 52 57 61 67 70 77 80 87 90 97 100 106 109 116 119 124 129 134 139 143 148 152 156
2 3 7 12 16 17 22 29 33 38 44 48 53 54 63 68 73 74 81 87 91 97 102 104 110 116 122 123 132 137 141 142 150 154 157
2 3 7 11 13 17 22 26 34 38 43 48 49 54 59 68 72 78 83 88 92 94 99 103 111 116 122 127 132 136 138 143 147 154 157
2 3 7 11 16 20 25 28 34 37 44 47 53 56 63 65 73 76 83 85 93 95 102 104 112 114 122 124 132 134 141 143 150 152 156
2 3 7 11 16 20 25 30 34 38 43 48 53 57 63 68 72 77 82 87 93 97 102 103 111 116 122 126 131 136 141 146 150 155 157
2 3 7 9 16 20 25 29 34 38 44 48 52 57 62 67 72 77 82 86 92 97 102 106 111 116 121 124 131 137 141 145 150 154 156
2 3 4 11 14 20 23 29 34 38 42 48 51 57 61 67 71 77 80 87 91 97 101 105 110 115 121 124 130 135 140 145 150 154 156
2 3 7 11 16 19 25 27 34 38 43 46 52 56 62 65 72 77 82 85 92 97 102 105 111 115 121 124 131 134 141 143 150 152 156
2 3 6 11 16 20 23 29 34 38 43 46 52 55 62 67 72 77 82 87 92 95 102 106 111 116 121 124 131 136 141 145 150 154 156
1 3 4 12 13 17 22 29 31 39 44 45 49 54 59 68 71 77 79 84 89 98 101 106 112 113 122 127 132 133 141 146 150 154 157
2 3 7 11 16 18 25 27 34 36 44 48 53 55 63 65 73 77 83 85 93 95 102 104 112 114 121 124 131 134 141 143 150 152 156
2 3 4 11 14 20 23 29 34 38 43 48 52 55 62 65 72 75 82 87 92 97 102 104 111 114 121 124 131 136 141 144 150 153 156
1 3 4 11 13 17 25 30 31 39 40 48 53 54 63 68 69 74 79 88 93 94 99 107 108 117 122 123 128 137 138 142 150 151 157
1 3 7 12 16 17 25 30 34 39 44 48 53 54 63 68 73 74 83 84 93 98 102 107 112 113 122 127 132 137 141 146 150 155 157
2 3 4 11 16 17 22 29 33 38 44 48 53 55 63 67 73 74 81 87 91 97 102 107 110 116 122 123 130 136 141 142 150 154 157
2 3 4 10 13 21 22 30 34 38 41 45 49 54 59 68 71 77 80 85 90 94 99 104 108 116 122 123 128 134 138 142 147 154 157
2 3 7 11 16 20 25 27 34 38 44 48 53 57 63 67 73 77 83 87 93 97 102 106 112 116 122 124 131 136 141 145 150 154 156
2 3 7 11 16 20 25 28 34 38 43 46 52 57 62 65 71 75 82 85 92 97 102 104 111 114 121 124 131 134 141 143 150 152 157
2 3 7 11 16 20 25 29 34 37 44 46 53 56 63 66 73 76 83 87 93 96 102 104 111 114 122 124 131 135 141 143 150 152 156
2 3 7 11 16 18 25 29 34 38 43 48 53 57 62 65 73 77 83 87 92 97 102 106 111 116 121 124 131 136 141 143 150 154 156
1 3 7 8 16 21 25 30 34 39 44 48 53 54 63 68 73 78 83 84 93 94 102 103 112 113 122 127 132 133 141 146 150 155 157
2 3 7 8 16 21 25 30 34 35 44 48 53 58 63 68 71 77 83 88 93 98 102 103 112 117 122 126 132 134 139 146 150 155 157
1 3 4 11 13 20 22 29 34 39 44 48 51 57 61 67 70 74 79 84 91 97 101 106 108 113 118 123 128 137 141 145 150 154 157
2 3 7 11 16 20 25 29 34 38 43 48 52 57 62 67 71 77 81 87 91 97 101 106 109 116 119 124 129 136 139 145 148 154 156
2 3 5 8 13 20 25 26 34 39 43 48 51 57 61 67 72 75 82 84 91 97 101 106 111 116 122 124 130 136 140 145 150 154 157
1 3 7 12 13 17 22 26 33 38 42 48 49 54 61 67 71 77 81 87 89 98 102 107 110 116 122 123 130 136 138 142 147 151 157
2 3 7 11 16 18 25 27 34 36 44 46 52 55 62 65 72 75 82 85 92 95 102 104 111 114 121 124 131 134 141 143 150 152 156
2 3 7 11 16 20 25 27 34 38 43 46 52 55 62 65 72 75 82 85 92 95 102 104 111 114 121 124 131 134 141 143 150 152 156
2 3 7 11 16 20 23 29 34 38 42 48 50 57 60 67 70 77 80 87 90 95 100 104 109 114 119 124 131 134 141 143 150 152 156
2 3 7 11 16 18 25 29 34 38 43 48 52 57 62 67 72 75 82 86 92 97 102 104 111 116 121 124 131 134 141 143 150 154 156
2 3 7 11 16 20 25 29 34 38 44 45 53 55 63 65 73 77 83 85 93 95 102 103 112 114 122 124 132 133 141 143 150 152 156
2 3 7 12 16 21 25 30 32 39 41 48 49 58 59 67 69 75 79 85 89 94 100 103 111 113 122 123 132 133 141 143 150 154 156
2 3 7 11 16 20 25 29 34 37 43 46 52 55 62 67 72 75 82 87 92 95 102 104 111 114 121 124 131 134 141 143 150 154 156
2 3 4 11 16 20 23 29 34 38 43 46 52 55 62 67 72 75 82 85 92 97 102 104 111 114 121 124 131 136 141 144 150 152 156
