2 3 4 11 16 20 25 30 34 38 43 48 52 54 62 67 72 75 82 85 92 97 102 106 111 116 121 124 131 135 141 145 150 154 157
1 3 4 11 13 20 22 29 33 38 42 48 51 57 61 67 71 77 81 87 91 97 101 106 110 116 122 123 130 136 140 145 150 154 157
2 3 5 8 16 20 25 29 34 38 43 48 52 57 62 67 72 77 82 87 92 97 102 106 111 116 121 124 131 136 141 145 150 154 156
2 3 4 8 13 21 25 26 34 38 42 48 52 54 63 68 71 77 83 88 93 98 101 106 109 117 121 123 132 133 141 142 150 155 157
2 3 7 11 16 20 25 29 34 38 44 48 53 57 63 67 73 77 83 87 93 97 102 106 111 116 121 126 131 136 141 146 150 154 156
1 3 4 11 13 20 22 29 33 38 42 48 51 57 61 67 71 77 81 87 91 97 101 106 110 116 122 127 130 136 140 145 150 154 157
2 3 7 11 13 20 22 29 34 35 44 46 50 57 60 67 72 75 83 85 90 95 100 106 111 114 121 124 132 134 140 145 148 154 157
2 3 7 11 16 20 25 29 34 36 44 48 52 55 62 67 73 75 83 85 92 95 102 106 112 114 122 124 132 136 141 145 150 154 156
1 3 7 12 16 17 25 30 31 39 42 48 53 58 61 67 71 77 79 88 89 98 102 107 112 113 122 127 132 137 141 142 147 155 157
2 3 7 11 16 20 23 29 34 38 43 48 51 57 61 67 70 77 80 87 90 97 100 106 109 114 119 124 129 134 139 143 148 152 156
2 3 7 11 16 20 23 29 32 38 41 48 50 57 60 65 70 75 80 85 91 95 102 104 111 114 121 124 131 136 141 145 150 154 156
2 3 7 12 14 20 23 29 32 38 41 48 50 57 60 65 70 75 80 85 91 95 102 104 111 114 121 124 132 137 141 145 150 154 156
2 3 4 11 13 20 22 29 34 38 43 48 51 57 61 67 72 74 82 84 91 97 101 106 109 113 122 123 131 134 140 145 150 154 157
2 3 4 8 16 20 25 26 34 36 44 48 53 55 63 64 73 77 83 84 93 95 100 107 111 117 122 127 132 133 141 142 150 151 157
1 3 4 12 16 17 22 29 33 38 44 45 53 58 61 67 73 74 81 87 91 97 102 107 108 117 122 123 128 137 138 142 150 154 157
2 3 7 11 16 20 25 29 34 38 43 48 52 57 62 67 72 75 82 87 92 97 102 106 111 116 121 124 131 136 141 145 150 154 156
2 3 4 9 16 20 23 29 34 38 43 46 52 55 62 67 72 77 82 85 92 95 102 105 111 116 121 124 131 134 141 143 150 152 156
2 3 5 8 13 20 22 29 34 38 43 48 51 57 62 67 70 77 81 85 91 95 100 106 111 114 121 124 131 136 141 144 150 152 157
2 3 7 11 16 20 23 29 33 38 41 48 50 57 60 67 70 77 80 85 90 95 100 104 110 114 121 124 131 134 141 143 150 154 156
2 3 7 11 16 18 25 27 34 38 43 47 52 55 63 65 73 75 83 85 93 95 102 104 112 114 121 124 131 134 141 143 150 152 156
2 3 7 11 16 20 25 29 34 38 43 48 52 57 62 67 72 77 82 87 92 97 102 106 111 116 121 124 131 136 141 145 150 154 156
2 3 7 11 16 17 25 27 34 38 44 48 53 55 63 67 72 75 82 85 92 97 102 106 112 115 121 124 131 136 141 143 150 152 156
2 3 5 11 16 20 25 29 34 36 43 48 52 57 62 67 72 77 83 87 92 97 102 106 111 116 121 124 131 134 141 145 150 154 156
1 3 4 8 13 20 22 30 34 36 42 48 51 57 61 67 73 74 79 84 93 94 101 106 112 113 118 127 128 133 140 145 147 155 157
2 3 7 11 16 20 23 29 32 38 41 48 50 57 60 65 70 75 80 85 92 95 102 104 112 114 121 124 131 136 141 145 150 154 156
2 3 7 11 16 20 25 29 34 35 43 48 52 57 62 67 72 77 82 87 92 97 102 106 111 116 121 124 131 137 141 145 150 154 156
2 3 4 8 13 20 22 29 31 39 42 48 51 57 61 67 71 77 81 87 89 94 101 106 111 116 122 124 130 136 140 145 150 154 157
2 3 7 11 16 20 25 29 34 38 43 48 52 57 62 67 72 75 82 87 92 97 102 106 111 116 121 124 131 136 141 145 150 154 156
2 3 4 11 14 20 22 26 32 38 40 48 50 57 60 66 70 74 80 85 91 95 102 104 108 114 121 124 128 136 141 145 148 152 157
2 3 4 11 13 20 22 29 33 38 42 48 52 55 61 67 71 77 81 87 91 97 101 104 111 116 121 124 131 136 140 143 150 154 157
2 3 4 11 13 20 23 28 33 38 42 48 52 55 61 67 71 76 80 85 92 97 102 106 111 116 121 124 130 134 140 145 150 152 157
2 3 7 11 16 20 23 29 34 38 44 46 51 57 61 67 71 77 81 87 92 97 101 106 110 116 121 124 130 136 140 145 149 154 157
2 3 7 11 16 18 25 27 34 36 44 46 52 55 62 65 72 75 82 85 92 95 102 104 111 114 121 124 131 134 141 143 150 152 156
1 3 7 8 16 21 22 26 34 35 42 48 51 57 59 68 73 74 83 84 90 98 102 103 112 113 122 123 128 133 140 145 150 151 157
2 3 4 11 16 20 23 29 34 38 43 48 52 57 61 67 71 77 81 87 92 97 102 106 110 116 120 124 130 136 140 145 148 154 157
