2 3 5 11 16 20 25 27 34 38 43 46 52 57 62 65 72 77 82 87 92 97 102 106 111 116 121 124 131 136 141 145 150 152 156
2 3 7 11 16 20 25 29 34 38 43 48 52 57 62 67 72 77 82 87 92 97 102 106 111 116 121 124 131 136 141 145 150 154 156
2 3 4 11 13 20 22 29 32 36 41 48 50 57 61 65 70 75 81 85 92 95 102 104 111 116 121 124 130 136 139 145 148 152 156
2 3 7 11 16 18 25 27 34 36 43 48 52 57 62 65 73 76 82 87 92 97 102 106 111 114 121 124 132 136 141 143 150 152 156
2 3 7 11 16 20 25 29 34 38 43 48 52 56 62 67 72 77 82 87 92 97 102 105 111 116 121 124 131 136 141 145 150 154 156
2 3 5 11 16 20 25 29 34 38 43 48 52 55 62 67 72 77 82 87 92 95 102 106 111 116 121 124 131 136 141 145 150 154 156
2 3 7 9 16 18 25 27 34 36 43 45 52 55 62 65 72 75 82 85 92 95 102 104 111 114 121 124 131 134 141 143 150 152 156
2 3 7 11 16 18 25 29 34 38 43 46 52 57 62 67 72 76 82 87 92 97 102 106 111 116 121 124 131 136 141 145 150 154 156
2 3 7 11 16 20 25 29 34 38 44 48 52 57 62 67 72 77 82 87 92 97 102 106 111 116 121 125 131 136 141 145 150 154 156
2 3 6 11 16 20 25 29 33 38 43 48 52 57 62 67 72 77 81 87 92 97 102 106 111 116 121 124 131 136 141 145 150 154 156
2 3 4 11 16 20 23 27 34 38 43 48 52 57 62 65 72 77 82 86 92 97 102 106 111 116 121 124 131 136 141 145 150 152 156
2 3 7 11 16 20 23 29 32 39 41 48 50 57 60 67 70 75 80 85 90 95 101 104 111 114 121 124 131 134 141 145 150 154 156
2 3 7 11 16 19 25 27 34 37 44 46 53 57 63 65 72 77 82 87 93 97 102 106 111 116 122 124 132 134 141 145 150 152 156
2 3 7 11 16 18 25 29 34 36 44 47 53 56 63 65 73 75 83 87 93 95 102 105 112 114 122 124 132 136 141 143 150 152 156
2 3 5 11 16 18 25 28 34 38 43 48 52 56 62 67 72 77 82 87 92 96 102 106 111 116 121 124 131 134 141 144 150 152 156
2 3 7 11 16 20 23 29 32 38 41 48 50 57 60 65 70 75 80 85 92 95 102 104 111 114 121 124 131 136 141 145 150 154 156
2 3 7 11 16 18 25 27 34 36 44 46 52 58 62 64 72 75 82 85 91 98 102 106 111 114 121 124 131 134 141 143 148 151 157
2 3 7 11 16 20 25 29 34 38 43 48 52 57 62 67 72 77 82 87 92 97 102 106 111 116 121 126 131 136 141 145 150 154 156
2 3 5 11 16 20 23 29 34 36 43 48 52 57 62 65 72 77 82 87 92 97 102 106 111 116 121 124 131 136 141 145 150 154 156
2 3 7 11 16 20 25 27 34 37 44 46 52 55 62 65 72 75 82 85 92 95 102 104 111 114 121 124 131 134 141 143 150 152 156
2 3 7 11 16 20 25 29 34 38 43 48 52 57 62 67 72 75 82 87 92 97 102 106 111 114 121 124 131 136 141 145 150 154 156
2 3 7 8 16 17 25 26 34 38 44 45 53 58 63 64 73 75 83 85 93 98 102 107 112 114 122 124 132 133 141 142 150 151 157
2 3 5 11 16 18 23 27 34 38 43 48 52 55 62 65 72 75 82 86 92 95 102 105 111 116 121 124 131 136 141 143 150 152 156
2 3 7 11 16 20 25 29 34 38 43 48 52 57 62 67 71 77 80 87 91 97 101 106 109 116 119 124 130 136 139 145 148 154 156
2 3 5 11 16 18 23 29 34 36 43 48 52 57 62 67 72 75 82 85 92 97 102 106 111 114 121 124 131 134 141 143 150 152 156
2 3 5 11 16 20 23 27 34 38 43 46 52 56 62 67 72 77 82 86 92 97 102 104 111 114 121 124 131 136 141 144 150 154 156
2 3 7 11 16 20 25 29 34 38 43 48 52 57 61 67 70 77 80 87 90 97 100 106 109 116 119 124 129 134 139 143 148 152 156
2 3 7 11 16 20 25 29 34 38 44 48 53 57 62 67 72 77 82 87 92 97 102 106 111 116 121 126 131 136 141 145 150 154 156
2 3 7 11 16 18 25 27 34 36 44 46 53 55 63 65 73 75 83 85 93 95 102 104 112 114 121 124 131 134 141 143 150 152 156
2 3 5 11 16 20 23 29 34 38 43 46 52 55 62 66 72 75 82 87 92 95 102 106 111 114 121 124 131 136 141 145 150 153 156
2 3 4 11 13 20 23 29 32 38 42 46 51 57 61 65 70 77 81 87 91 97 101 105 110 116 121 124 130 136 140 145 149 154 157
2 3 7 11 16 20 25 29 34 38 44 48 53 57 63 67 73 75 83 85 93 97 102 106 112 114 122 124 132 136 141 145 150 154 156
2 3 7 11 16 20 25 29 34 36 44 48 52 56 62 66 73 77 82 85 92 96 102 105 112 116 121 124 132 134 141 143 150 152 156
2 3 7 9 16 18 25 27 34 38 44 48 52 57 62 65 72 75 82 86 92 97 102 106 111 114 121 124 132 134 141 145 150 153 156
2 3 7 11 16 20 25 27 34 38 44 48 53 57 63 67 73 77 83 87 93 98 102 107 111 117 121 127 131 137 141 146 150 155 156
