2 3 7 11 16 19 25 29 34 38 44 48 52 57 62 67 73 76 82 85 92 97 102 106 111 116 121 124 131 136 141 145 150 154 156
2 3 6 11 16 20 23 29 32 38 41 48 50 57 60 65 70 75 81 85 92 95 102 104 111 114 121 124 131 136 141 145 148 154 156
2 3 7 11 16 20 23 29 32 38 41 48 50 57 60 65 70 75 80 85 92 95 102 104 111 114 121 124 131 136 141 145 149 154 156
2 3 7 11 16 18 25 29 34 35 43 48 53 55 63 66 72 75 82 87 93 95 102 104 111 115 121 124 131 135 141 144 150 153 156
2 3 7 11 16 18 25 27 34 36 43 45 52 55 62 65 73 75 82 85 92 95 102 104 111 114 121 124 131 134 141 143 150 152 156
2 3 6 8 13 20 22 29 34 39 44 46 51 57 61 67 72 75 82 84 93 94 101 106 110 116 122 124 130 134 140 145 150 154 157
2 3 5 11 16 20 25 27 34 38 43 46 52 57 62 65 72 77 82 87 92 97 102 106 111 116 121 124 131 136 141 145 150 152 156
2 3 7 11 16 18 25 27 34 36 43 48 53 57 63 67 73 75 82 87 93 97 102 106 112 114 122 124 131 136 141 143 150 152 156
2 3 4 11 13 20 22 26 33 38 43 46 51 57 61 67 71 77 81 87 91 97 101 106 110 116 121 123 130 136 140 142 150 154 157
2 3 7 11 16 20 23 29 33 38 41 48 50 57 60 67 70 75 80 85 90 95 101 104 111 114 121 124 131 134 141 143 150 154 156
2 3 4 11 13 20 22 29 33 38 43 48 51 57 61 67 72 75 82 84 91 97 101 106 110 116 122 124 130 136 140 145 150 154 157
2 3 5 11 16 18 25 29 34 38 43 48 52 57 62 67 72 75 82 85 92 96 102 106 111 114 121 124 131 136 141 143 150 152 156
2 3 7 11 16 20 25 29 34 38 42 48 50 57 60 67 70 77 80 87 90 97 100 104 109 114 119 124 129 134 140 143 150 151 156
2 3 4 11 13 18 23 27 34 36 43 47 52 57 62 65 72 76 81 87 92 97 102 106 111 114 121 124 131 134 141 143 150 152 157
2 3 4 11 13 20 23 29 32 38 41 48 50 57 60 65 70 75 80 85 91 95 102 104 111 114 121 124 131 134 141 145 150 154 156
2 3 7 11 16 20 23 29 32 38 41 48 50 57 60 65 70 75 80 85 92 95 102 104 111 114 121 124 131 136 140 145 148 154 156
2 3 7 12 16 17 25 29 34 38 43 48 52 57 62 67 72 75 82 87 92 97 102 106 112 114 121 124 131 136 141 143 150 154 157
2 3 7 11 16 20 25 29 34 38 43 48 52 57 62 67 71 77 80 87 91 97 100 106 109 116 119 124 129 136 139 145 148 154 156
2 3 7 8 16 18 25 26 34 38 44 46 53 55 63 65 73 75 83 85 93 95 102 104 112 114 122 124 132 134 141 143 150 152 156
2 3 7 11 16 20 25 29 34 36 43 46 52 57 62 68 72 77 82 87 93 95 102 103 111 116 121 124 131 136 141 145 150 155 157
2 3 7 11 16 20 23 29 34 38 41 48 50 57 60 67 70 77 80 87 90 95 100 104 109 114 119 124 131 134 141 143 150 152 156
2 3 7 8 16 20 25 27 34 36 44 48 53 57 63 65 73 74 83 84 92 97 102 106 112 114 122 124 132 134 141 146 150 152 157
2 3 7 11 16 20 25 29 34 38 43 48 52 57 61 67 70 77 80 87 90 97 100 106 109 116 119 124 129 134 139 143 148 152 156
2 3 7 11 16 20 25 29 34 38 43 48 52 57 62 67 72 77 81 87 92 97 101 106 109 116 119 126 129 136 139 145 148 154 156
2 3 4 11 13 20 23 29 33 38 42 48 51 55 61 67 71 77 81 87 92 96 102 106 110 115 121 124 130 135 140 144 150 154 157
2 3 7 11 16 20 25 29 34 38 43 48 52 57 62 67 72 77 82 87 92 97 102 106 111 116 121 124 131 136 141 145 150 154 156
2 3 4 11 13 20 22 29 32 36 41 48 50 57 61 65 70 75 81 85 92 95 102 104 111 116 121 124 130 136 139 145 148 152 156
2 3 7 12 16 17 22 29 33 38 44 48 53 54 63 68 73 74 81 87 91 97 102 104 110 116 122 123 132 137 141 142 150 154 157
2 3 7 11 16 18 25 27 34 36 43 48 52 57 62 65 73 76 82 87 92 97 102 106 111 114 121 124 132 136 141 143 150 152 156
2 3 7 11 16 20 25 29 34 38 43 48 52 57 61 67 70 77 80 87 90 97 100 106 109 116 119 124 129 134 139 143 148 152 156
2 3 7 11 13 20 22 29 33 38 42 48 51 57 62 65 71 77 82 87 91 97 101 106 111 116 121 126 130 136 140 145 150 154 157
2 3 5 11 16 20 25 29 34 38 43 48 52 57 62 67 72 77 82 87 92 95 102 106 111 116 121 124 131 136 141 145 150 154 156
2 3 7 11 13 17 22 26 34 38 43 48 49 54 59 68 72 78 83 88 92 94 99 103 111 116 122 127 132 136 138 143 147 154 157
2 3 7 11 16 20 23 29 34 38 41 48 50 57 60 67 70 77 80 85 90 95 100 104 109 114 121 124 131 134 141 143 150 152 156
2 3 7 11 16 18 25 27 34 36 43 46 52 55 62 65 72 75 82 85 92 95 102 104 111 114 121 124 131 134 141 143 150 152 156
2 3 7 11 16 17 23 27 34 36 44 46 52 55 63 65 73 75 83 85 91 95 102 104 112 114 122 124 132 134 141 143 150 152 157
2 3 7 11 16 20 25 29 34 36 43 46 52 55 62 67 72 77 82 85 92 95 102 104 111 114 121 124 131 134 141 145 150 153 156
2 3 7 11 16 19 25 29 34 37 43 48 52 55 62 67 73 76 83 87 92 95 102 105 111 114 121 124 131 136 141 143 150 154 156
2 3 4 11 13 20 22 29 34 38 43 48 51 57 61 67 71 75 82 85 91 95 101 106 110 114 121 124 129 136 140 145 150 154 157
2 3 5 11 16 18 22 27 34 38 43 46 52 55 61 65 71 75 81 85 92 95 102 104 110 114 121 124 130 134 140 143 150 152 156
2 3 7 11 16 20 23 29 33 38 41 48 50 57 60 67 70 77 80 85 90 95 100 104 110 114 121 124 131 134 141 143 150 154 156
1 3 7 8 13 21 22 30 34 39 44 48 49 54 59 64 73 78 83 84 89 94 99 103 112 116 122 123 132 133 138 146 147 155 157
2 3 7 11 16 20 25 29 34 38 43 48 52 57 62 67 72 77 82 87 92 97 102 106 111 116 121 124 131 136 141 145 150 154 156
2 3 7 11 16 20 25 29 34 38 43 48 52 56 62 67 72 77 82 87 92 97 102 105 111 116 121 124 131 136 141 145 150 154 156
1 3 7 8 16 21 25 30 34 39 44 48 53 54 63 64 73 78 83 84 93 98 102 107 112 113 122 127 132 133 141 146 150 151 157
2 3 7 11 16 20 23 29 33 39 41 48 50 57 60 67 70 77 79 87 90 95 100 104 109 114 119 124 130 134 141 143 150 152 156
2 3 7 9 16 21 25 26 33 38 42 48 51 57 59 67 72 75 79 85 90 98 101 106 112 117 121 127 132 134 141 146 148 155 157
2 3 7 11 16 20 25 29 34 38 43 48 52 57 62 67 72 77 82 87 92 97 102 106 109 116 119 125 130 136 139 145 148 154 156
2 3 7 11 16 18 25 27 34 36 43 46 52 55 62 65 72 75 82 85 92 95 102 104 111 114 121 124 131 134 141 143 150 152 156
2 3 4 11 16 18 23 27 33 38 43 48 53 55 63 67 73 75 81 87 93 95 102 104 110 116 122 124 130 136 141 143 150 152 157
2 3 7 11 16 20 25 29 34 36 43 46 52 56 62 65 72 75 82 85 92 95 102 104 111 114 121 124 131 134 141 143 150 152 156
2 3 7 11 16 20 25 28 34 37 44 47 53 56 63 65 73 76 83 85 93 95 102 104 112 114 122 124 132 134 141 143 150 152 156
2 3 7 11 16 20 25 30 34 38 43 48 53 57 63 68 72 77 82 87 93 97 102 103 111 116 122 126 131 136 141 146 150 155 157
2 3 7 9 16 20 25 27 34 38 44 46 52 57 62 65 72 75 82 85 92 97 102 106 111 114 121 124 131 134 141 143 150 152 156
2 3 4 11 16 20 25 28 33 38 44 45 53 57 63 65 73 74 81 87 93 95 102 104 110 116 122 123 130 136 141 145 150 152 157
2 3 7 11 16 18 25 27 34 36 43 46 52 57 62 65 72 75 83 85 92 97 102 104 111 114 121 124 131 134 141 143 150 152 156
2 3 4 11 16 20 23 29 34 38 43 48 52 57 61 67 71 77 80 87 90 97 100 106 109 116 119 124 129 136 139 145 148 152 156
1 3 4 8 16 17 22 30 33 38 44 45 53 54 61 67 71 77 81 87 89 98 102 103 108 117 122 127 130 136 141 145 150 154 157
2 3 7 11 16 20 25 29 34 38 43 48 52 57 62 67 71 78 81 87 91 97 100 106 109 116 119 126 129 136 139 145 148 154 156
2 3 7 11 16 19 25 28 34 38 43 48 52 57 62 67 73 77 82 86 92 97 102 106 112 116 121 124 131 136 141 145 150 153 156
2 3 4 11 13 20 22 29 33 38 44 46 52 57 61 67 71 77 81 87 91 95 101 107 108 116 121 126 130 133 140 143 148 152 157
2 3 5 11 16 20 25 29 34 38 43 48 52 55 62 67 72 77 82 87 92 95 102 106 111 116 121 124 131 136 141 145 150 154 156
2 3 7 11 16 20 25 29 34 38 43 48 52 57 62 67 73 77 82 87 92 97 102 104 111 114 121 124 131 136 141 145 150 154 156
2 3 7 12 16 17 25 26 34 39 44 48 53 58 63 64 73 78 83 88 93 98 102 107 112 117 122 124 130 136 141 142 150 151 157
2 3 7 11 16 20 25 29 34 38 43 48 52 57 61 67 70 77 80 87 90 97 100 106 109 116 119 124 129 134 139 143 148 152 156
2 3 7 8 16 21 22 30 34 35 44 45 49 54 59 68 73 78 83 88 89 98 102 103 112 113 122 127 132 137 138 146 147 155 157
2 3 5 9 16 20 25 29 34 38 43 46 52 57 62 67 72 75 82 87 92 97 102 104 111 114 121 124 131 134 141 143 150 152 156
2 3 7 9 16 18 25 27 34 36 43 45 52 55 62 65 72 75 82 85 92 95 102 104 111 114 121 124 131 134 141 143 150 152 156
1 3 4 12 16 17 22 30 33 38 44 48 49 55 63 68 69 74 83 84 89 94 102 107 112 113 122 127 132 137 140 145 147 151 157
2 3 7 11 16 20 25 29 34 38 44 48 53 57 63 67 72 75 82 85 93 97 102 106 112 114 121 124 131 136 141 143 150 152 156
2 3 7 11 16 18 25 27 34 38 43 48 52 57 62 66 72 76 82 85 92 97 102 106 111 114 121 124 131 134 141 143 150 152 156
2 3 7 12 16 20 25 26 34 39 42 48 53 58 61 67 73 74 83 88 93 98 102 107 112 117 122 127 132 137 138 146 150 154 157
2 3 7 11 16 20 25 29 34 37 44 48 53 57 63 67 72 77 82 87 93 97 102 106 111 116 122 124 131 136 141 145 150 154 156
2 3 7 9 16 20 25 29 34 38 44 48 52 57 62 67 72 77 82 86 92 97 102 106 111 116 121 124 131 137 141 145 150 154 156
2 3 4 11 14 20 23 29 34 38 42 48 51 57 61 67 71 77 80 87 91 97 101 105 110 115 121 124 130 135 140 145 150 154 156
2 3 4 11 13 20 22 26 34 38 43 48 50 57 60 65 72 77 82 87 90 97 100 104 111 116 121 124 131 136 139 143 150 152 157
2 3 7 11 16 18 25 29 34 38 43 46 52 57 62 67 72 76 82 87 92 97 102 106 111 116 121 124 131 136 141 145 150 154 156
2 3 7 11 16 19 25 28 34 36 43 46 53 55 62 65 72 75 82 85 93 95 102 104 111 114 121 124 131 134 141 143 150 152 156
2 3 4 11 13 20 22 28 33 36 42 46 51 57 61 65 71 77 80 87 91 97 102 106 110 116 121 124 130 136 140 145 150 152 157
2 3 5 11 13 18 25 29 34 36 43 48 52 57 62 65 72 77 82 87 92 97 102 104 111 115 121 124 131 136 141 143 150 154 156
2 3 5 11 15 20 23 29 34 36 43 46 52 57 62 67 72 77 82 87 92 96 102 104 111 116 121 124 131 136 141 145 150 154 156
2 3 4 11 13 20 22 29 34 35 43 48 50 54 60 67 72 77 81 87 91 97 101 103 110 116 122 123 130 136 140 145 150 154 157
2 3 7 11 16 20 25 29 34 38 44 48 52 57 62 67 72 77 82 87 92 97 102 106 111 116 121 125 131 136 141 145 150 154 156
2 3 7 11 16 19 25 27 34 38 43 46 52 56 62 65 72 77 82 85 92 97 102 105 111 115 121 124 131 134 141 143 150 152 156
1 3 4 11 16 21 22 29 34 39 42 48 53 54 61 67 71 77 81 87 91 97 101 106 110 116 122 123 130 136 138 146 150 154 157
2 3 6 11 16 20 23 29 34 38 43 46 52 55 62 67 72 77 82 87 92 95 102 106 111 116 121 124 131 136 141 145 150 154 156
2 3 4 11 13 17 25 29 33 36 40 46 52 54 63 64 71 77 82 85 91 98 102 104 110 116 119 124 130 134 141 146 148 154 157
2 3 6 11 16 20 25 29 33 38 43 48 52 57 62 67 72 77 81 87 92 97 102 106 111 116 121 124 131 136 141 145 150 154 156
2 3 4 11 16 20 23 27 34 38 43 48 52 57 62 65 72 77 82 86 92 97 102 106 111 116 121 124 131 136 141 145 150 152 156
1 3 4 11 13 20 22 29 33 38 42 48 49 54 61 67 73 77 81 87 91 97 99 107 110 116 122 123 128 133 141 146 150 154 157
2 3 7 11 16 21 23 30 32 38 41 48 49 57 60 65 70 75 80 85 92 94 102 104 111 114 121 124 131 136 141 146 148 154 156
2 3 7 11 16 20 23 29 32 39 41 48 50 57 60 67 70 75 80 85 90 95 101 104 111 114 121 124 131 134 141 145 150 154 156
2 3 7 8 16 21 25 26 34 35 44 45 53 56 63 64 73 78 83 85 93 98 102 103 110 116 122 127 132 134 141 146 150 155 157
2 3 7 11 16 20 25 29 34 38 43 48 52 57 62 67 72 75 82 85 92 97 102 106 111 114 121 124 131 136 141 143 150 152 156
2 3 7 8 16 17 25 26 34 36 44 46 52 54 63 65 73 74 82 85 92 94 102 104 111 114 121 124 131 133 141 142 150 152 156
2 3 4 11 13 20 25 30 31 35 42 48 53 55 61 67 71 77 79 88 93 98 102 103 110 116 122 123 130 136 140 145 150 155 157
2 3 7 11 16 18 25 27 34 35 44 45 52 55 62 65 72 75 82 85 92 95 102 104 111 114 121 124 131 134 141 143 150 152 156
2 3 7 11 16 19 25 27 34 37 44 46 53 57 63 65 72 77 82 87 93 97 102 106 111 116 122 124 132 134 141 145 150 152 156
1 3 4 12 13 17 22 29 31 39 44 45 49 54 59 68 71 77 79 84 89 98 101 106 112 113 122 127 132 133 141 146 150 154 157
2 3 7 11 16 18 25 29 34 36 44 47 53 56 63 65 73 75 83 87 93 95 102 105 112 114 122 124 132 136 141 143 150 152 156
2 3 5 11 16 18 23 26 34 36 43 46 52 57 62 65 71 76 82 87 92 97 102 106 111 116 121 124 131 134 141 143 150 152 157
2 3 7 11 16 20 25 29 34 38 43 48 52 57 61 67 70 77 80 87 90 97 100 106 109 116 119 124 129 136 139 143 148 152 156
2 3 7 11 16 20 25 29 34 38 43 48 52 57 62 67 71 77 80 87 91 97 100 106 109 116 119 124 129 136 139 145 148 154 156
1 3 7 8 13 20 22 29 34 39 44 45 50 58 61 67 69 78 83 88 89 98 102 106 108 117 122 127 132 133 141 146 150 155 157
2 3 7 11 16 20 25 29 34 38 43 48 51 57 60 67 70 77 80 87 90 97 100 104 109 114 119 124 129 134 139 143 148 152 156
2 3 5 11 16 18 25 28 34 38 43 48 52 56 62 67 72 77 82 87 92 96 102 106 111 116 121 124 131 134 141 144 150 152 156
2 3 7 11 16 18 25 27 34 36 44 48 53 55 63 65 73 77 83 85 93 95 102 104 112 114 121 124 131 134 141 143 150 152 156
2 3 7 11 16 20 25 29 34 38 43 48 52 57 62 67 72 77 82 87 92 97 102 106 111 116 121 124 131 136 141 145 150 154 156
1 3 4 11 13 20 25 26 33 38 40 45 51 57 61 67 73 78 79 84 91 97 101 106 112 117 122 127 130 136 141 146 150 154 157
2 3 7 11 16 18 25 29 34 36 43 48 52 57 62 66 72 76 82 85 92 95 102 106 111 114 121 124 131 136 141 143 150 152 156
1 3 7 12 16 17 22 29 33 38 40 45 51 57 61 67 69 78 83 88 89 98 99 107 112 113 122 127 128 137 141 146 150 154 157
2 3 4 11 14 18 23 27 33 36 42 46 51 56 61 66 71 77 81 87 91 97 101 106 110 116 121 124 130 136 140 145 150 154 156
2 3 7 11 16 20 23 29 34 38 41 48 50 57 60 67 70 77 80 85 90 95 100 104 109 114 121 124 131 134 141 143 150 152 156
2 3 7 12 13 20 22 29 33 38 43 45 50 57 60 67 72 78 81 87 91 97 102 106 108 113 122 123 132 137 140 145 150 154 157
2 3 7 9 16 20 23 29 34 38 43 48 52 55 62 67 72 75 82 85 92 97 102 104 111 114 121 124 131 134 141 143 150 154 156
2 3 4 11 13 20 22 27 33 36 42 48 51 57 61 67 71 77 81 87 91 97 101 106 110 116 121 124 130 136 140 145 150 154 157
2 3 7 11 16 20 25 29 34 38 43 48 52 57 62 67 72 77 82 87 92 97 101 107 110 117 119 126 129 136 139 145 148 154 156
2 3 7 11 16 20 23 29 34 38 41 48 50 57 60 67 70 77 80 85 90 95 100 104 109 114 121 124 131 134 141 143 150 152 156
2 3 7 11 16 20 25 29 34 39 44 48 53 58 63 67 73 78 83 88 92 98 102 107 111 117 121 127 131 137 139 146 148 155 156
2 3 5 12 13 17 25 30 34 38 41 48 51 57 61 67 70 74 81 85 92 95 99 107 111 113 122 124 132 137 141 142 150 155 157
2 3 7 11 16 20 25 29 34 36 44 48 53 57 63 67 70 78 83 87 93 98 102 107 112 117 122 127 132 136 141 146 150 155 156
2 3 7 11 16 20 23 29 33 38 41 48 50 57 60 67 70 75 80 85 90 95 101 104 110 114 121 124 131 134 141 143 150 154 156
2 3 4 11 13 17 22 30 33 38 40 48 53 58 63 64 71 77 81 87 89 94 99 107 112 116 122 123 130 136 138 142 147 155 157
2 3 7 11 16 20 25 29 34 38 43 48 52 57 62 67 72 77 82 87 92 97 102 106 111 116 121 126 131 136 140 145 148 154 156
2 3 5 11 16 20 25 29 34 38 43 48 52 55 62 67 72 77 82 85 92 97 102 104 111 116 121 124 131 134 141 145 150 152 156
2 3 7 12 13 21 22 29 33 38 41 46 51 55 61 65 71 77 81 87 91 97 101 106 110 116 121 124 130 136 140 145 150 154 157
2 3 5 11 16 20 25 29 34 36 43 48 52 57 62 67 72 75 82 87 92 97 102 106 111 114 121 124 131 136 141 145 150 154 156
2 3 7 11 16 20 23 29 32 38 41 48 50 57 60 65 70 75 80 85 92 95 102 104 111 114 121 124 131 136 141 145 150 154 156
1 3 7 8 16 17 25 26 34 35 44 48 53 58 63 64 73 78 83 88 93 98 102 103 112 113 122 123 132 136 140 145 150 151 157
2 3 4 11 14 20 23 29 34 38 43 48 52 55 62 65 72 75 82 87 92 97 102 104 111 114 121 124 131 136 141 144 150 153 156
1 3 7 12 13 20 25 26 34 35 44 48 53 58 63 64 73 78 83 88 93 94 99 103 112 113 122 123 132 137 140 145 150 151 157
2 3 7 11 16 20 25 27 34 36 43 46 52 57 62 65 72 75 82 85 92 95 102 104 110 114 121 124 130 134 140 143 149 152 156
2 3 7 11 16 20 23 29 32 38 41 48 50 57 60 65 70 75 80 85 92 95 102 104 111 114 121 124 131 136 141 145 148 154 156
2 3 7 11 16 18 25 27 34 36 44 46 52 58 62 64 72 75 82 85 91 98 102 106 111 114 121 124 131 134 141 143 148 151 157
2 3 7 11 16 20 25 29 34 38 43 48 52 57 62 67 72 77 82 87 92 97 102 106 111 116 121 126 131 136 141 145 150 154 156
2 3 7 11 16 20 25 29 34 38 43 48 52 57 62 67 72 77 82 86 92 97 102 106 111 115 121 124 131 134 141 145 150 154 156
2 3 4 8 13 17 22 30 34 38 43 45 49 54 61 68 72 77 82 85 91 95 101 106 110 116 121 124 130 135 140 145 150 154 157
2 3 7 11 16 20 23 30 34 38 41 48 50 57 59 67 70 75 80 85 90 95 100 104 111 113 121 124 131 133 141 143 150 154 156
2 3 5 11 16 20 23 29 34 36 43 48 52 57 62 65 72 77 82 87 92 97 102 106 111 116 121 124 131 136 141 145 150 154 156
1 3 7 12 13 20 22 29 31 35 42 48 51 57 59 64 69 74 79 88 89 98 101 106 110 116 122 123 128 137 138 146 147 155 157
2 3 7 11 16 20 23 30 34 38 41 48 50 57 60 67 70 77 80 87 91 95 101 104 110 114 121 124 130 134 140 143 150 153 156
2 3 7 11 16 18 25 27 34 36 43 46 52 55 62 65 72 75 82 85 92 95 102 104 111 114 121 124 131 134 141 143 150 152 156
1 3 4 11 13 17 25 30 31 39 40 48 53 54 63 68 69 74 79 88 93 94 99 107 108 117 122 123 128 137 138 142 150 151 157
2 3 7 11 16 20 25 29 34 38 43 47 53 57 63 67 73 77 82 87 92 97 102 105 111 116 121 124 131 136 141 145 150 154 156
1 3 7 12 16 17 25 30 34 39 44 48 53 54 63 68 73 74 83 84 93 98 102 107 112 113 122 127 132 137 141 146 150 155 157
2 3 7 11 16 20 25 27 34 37 44 46 52 55 62 65 72 75 82 85 92 95 102 104 111 114 121 124 131 134 141 143 150 152 156
2 3 7 11 16 20 25 29 34 35 43 48 52 57 62 67 72 77 83 87 92 97 102 106 111 116 121 124 131 136 141 145 150 155 157
2 3 7 10 16 20 25 29 34 38 43 46 52 57 62 67 72 77 82 87 92 97 102 106 111 116 121 124 131 136 141 145 150 154 156
2 3 4 11 16 19 25 27 34 36 43 46 52 55 62 65 72 75 82 87 92 95 102 104 111 116 121 124 131 134 141 143 150 152 156
1 3 4 11 13 20 22 29 33 38 42 48 51 57 61 67 71 77 81 87 91 97 101 106 110 116 122 123 130 136 140 145 150 154 157
2 3 7 11 16 20 25 29 34 38 43 48 52 57 62 67 72 75 82 87 92 97 102 106 111 114 121 124 131 136 141 145 150 154 156
2 3 7 11 16 19 25 29 34 38 44 48 52 57 62 67 72 77 82 87 92 97 102 106 111 116 121 124 131 136 141 145 150 154 156
2 3 4 11 16 17 22 29 33 38 44 48 53 55 63 67 73 74 81 87 91 97 102 107 110 116 122 123 130 136 141 142 150 154 157
2 3 5 11 16 20 25 29 34 38 43 48 52 57 62 67 72 77 82 85 92 97 102 106 111 116 121 124 131 136 141 145 150 154 156
2 3 4 11 13 20 22 29 31 35 42 48 53 54 61 67 69 74 79 84 93 94 100 103 112 117 118 124 132 133 140 146 150 154 157
2 3 7 11 16 20 25 29 34 38 43 48 52 57 63 67 72 77 82 87 92 97 102 106 111 116 121 124 131 136 141 145 150 154 156
2 3 7 8 16 17 25 26 34 38 44 45 53 58 63 64 73 75 83 85 93 98 102 107 112 114 122 124 132 133 141 142 150 151 157
2 3 7 11 16 20 25 29 34 38 43 48 52 57 63 67 72 77 83 87 92 97 102 106 112 116 121 124 131 136 141 145 150 154 156
1 3 4 11 13 20 22 29 33 38 42 48 51 57 61 67 71 77 81 87 91 97 101 106 110 116 122 124 130 136 140 145 150 154 157
2 3 7 11 16 20 23 29 33 38 41 48 50 57 60 67 70 77 80 85 90 95 100 104 110 114 121 124 131 134 141 143 150 154 156
2 3 7 11 16 18 25 27 34 38 43 48 52 57 62 66 72 77 82 87 92 97 102 106 111 116 121 124 131 136 141 145 150 154 156
2 3 7 11 16 17 25 26 34 35 44 45 53 54 63 64 73 74 83 84 93 95 102 103 112 113 122 123 132 133 141 142 150 151 157
2 3 7 11 16 20 25 29 34 36 43 48 52 57 62 67 72 77 82 87 92 95 102 106 111 115 121 124 131 135 141 145 150 154 156
2 3 5 8 16 20 22 26 34 35 43 45 51 57 59 65 70 77 83 84 91 97 101 106 109 117 121 124 130 136 141 145 150 154 157
2 3 7 11 15 20 23 30 32 38 41 48 50 57 60 65 70 75 80 85 92 95 102 104 111 114 121 124 131 136 141 145 148 154 156
2 3 4 9 16 20 23 29 34 38 43 46 52 57 62 67 72 77 82 87 92 97 102 104 111 116 121 124 131 135 141 145 150 154 156
2 3 4 10 13 21 22 30 34 38 41 45 49 54 59 68 71 77 80 85 90 94 99 104 108 116 122 123 128 134 138 142 147 154 157
2 3 5 11 16 18 23 27 34 38 43 48 52 55 62 65 72 75 82 86 92 95 102 105 111 116 121 124 131 136 141 143 150 152 156
2 3 7 11 16 20 25 29 34 38 43 48 52 57 62 67 72 75 82 85 92 97 102 106 111 114 121 124 131 136 141 145 150 154 156
2 3 4 11 13 20 23 28 33 36 42 47 51 56 61 65 71 76 81 87 91 97 102 105 110 116 121 124 130 136 140 144 149 154 157
2 3 7 11 16 18 25 26 34 38 43 45 52 55 62 65 72 75 81 84 92 97 102 104 111 114 121 124 131 134 141 143 148 151 156
2 3 7 11 16 20 25 27 34 38 44 48 53 57 63 67 73 77 83 87 93 97 102 106 112 116 122 124 131 136 141 145 150 154 156
1 3 4 8 13 20 22 29 33 38 42 48 51 57 63 64 71 77 79 84 91 97 102 107 112 113 122 123 130 136 140 145 150 154 157
2 3 7 11 16 20 25 29 34 38 43 48 52 57 62 67 71 77 80 87 90 97 100 106 109 116 119 124 129 136 139 145 148 154 156
2 3 7 11 16 20 25 29 34 38 43 48 52 57 62 67 71 77 80 87 91 97 101 106 109 116 119 124 130 136 139 145 148 154 156
2 3 7 11 16 20 23 29 32 38 41 48 50 57 60 67 70 77 79 87 90 95 100 104 109 114 121 124 131 134 141 143 150 152 156
2 3 7 11 16 20 25 28 34 38 43 46 52 57 62 65 71 75 82 85 92 97 102 104 111 114 121 124 131 134 141 143 150 152 157
2 3 5 11 16 18 23 29 34 36 43 48 52 57 62 67 72 75 82 85 92 97 102 106 111 114 121 124 131 134 141 143 150 152 156
2 3 7 11 16 20 25 29 34 38 43 48 52 57 62 67 72 77 82 87 92 97 102 106 111 116 121 124 131 136 141 145 150 154 156
2 3 5 11 16 20 23 27 34 38 43 46 52 56 62 67 72 77 82 86 92 97 102 104 111 114 121 124 131 136 141 144 150 154 156
2 3 7 11 16 20 23 29 34 38 41 48 50 57 60 67 70 77 80 87 90 95 100 104 109 114 120 124 131 134 141 143 150 152 156
2 3 7 12 13 20 25 26 31 35 44 48 53 54 61 67 73 74 83 88 91 97 102 103 108 113 122 127 128 137 138 146 150 154 157
2 3 7 11 16 20 25 26 34 36 44 45 52 55 62 67 73 77 83 87 92 96 102 104 112 116 122 124 132 134 141 145 150 152 156
2 3 4 8 13 21 22 29 33 38 40 48 51 57 60 64 72 77 82 87 91 97 99 104 109 117 122 127 128 136 140 145 150 154 157
2 3 7 11 16 20 25 29 34 38 43 48 52 57 61 67 70 77 80 87 90 97 100 106 109 116 119 124 129 134 139 143 148 152 156
2 3 7 11 16 20 25 27 34 36 43 46 52 55 62 65 72 75 82 85 92 95 102 104 111 114 121 124 131 134 141 143 150 152 156
2 3 5 11 16 20 24 29 34 36 43 48 52 55 62 65 72 75 82 85 92 95 102 104 111 114 121 124 131 135 141 143 150 152 156
2 3 5 12 16 20 25 29 34 38 43 48 52 58 60 68 70 78 80 88 90 97 100 106 108 116 118 124 128 134 138 143 148 152 156
2 3 4 9 13 20 25 26 34 38 43 48 52 54 61 67 72 75 82 85 91 97 101 106 111 116 122 124 131 134 141 143 150 154 157
2 3 7 11 16 20 25 29 34 37 44 46 53 56 63 66 73 76 83 87 93 96 102 104 111 114 122 124 131 135 141 143 150 152 156
2 3 4 11 13 20 23 27 34 36 43 46 52 57 62 65 71 77 82 87 92 97 100 104 112 116 121 124 130 136 140 145 150 152 157
2 3 7 11 16 18 25 29 34 38 43 48 53 57 62 65 73 77 83 87 92 97 102 106 111 116 121 124 131 136 141 143 150 154 156
2 3 7 11 16 20 25 27 34 38 43 48 53 57 62 67 72 75 82 85 92 97 102 104 111 115 121 124 132 136 141 143 150 152 156
1 3 7 8 16 21 25 30 34 39 44 48 53 54 63 68 73 78 83 84 93 94 102 103 112 113 122 127 132 133 141 146 150 155 157
2 3 7 11 16 18 25 27 34 36 44 46 53 55 63 65 72 75 82 85 92 95 102 104 111 114 121 124 131 134 141 143 150 152 156
2 3 7 11 13 18 22 28 34 38 43 47 49 57 59 67 72 76 82 86 89 97 100 106 111 116 121 124 131 134 138 143 147 152 157
2 3 7 11 16 18 25 27 34 36 44 46 53 55 63 65 73 75 83 85 93 95 102 104 112 114 122 124 132 134 141 143 150 152 156
2 3 7 11 16 17 25 29 34 36 44 48 53 55 63 65 73 77 83 87 93 95 102 106 112 114 122 124 132 136 141 143 150 152 156
2 3 4 11 13 20 22 29 31 39 42 48 53 57 61 65 71 77 79 84 91 97 102 103 110 116 122 124 130 136 140 145 150 154 157
2 3 5 11 16 20 22 30 32 38 40 48 49 55 59 65 70 74 82 84 91 95 102 104 111 116 121 124 131 136 141 146 148 155 156
2 3 5 11 16 20 25 29 34 36 43 48 52 54 62 67 72 75 82 87 93 95 102 104 111 114 122 124 131 136 141 145 150 154 157
2 3 7 11 16 20 25 29 34 38 44 48 53 57 62 67 72 77 82 87 92 97 102 106 111 116 121 126 131 136 141 145 150 154 156
2 3 7 11 16 20 25 29 34 38 43 48 52 57 63 67 72 77 83 87 92 97 102 106 111 116 121 124 131 136 141 145 150 154 156
2 3 5 11 14 20 23 29 33 38 42 48 51 57 61 67 71 77 80 87 91 97 101 106 109 114 120 124 128 133 140 143 150 152 157
2 3 5 11 16 20 23 29 33 38 42 48 50 57 60 67 70 77 80 85 91 95 101 104 109 116 121 124 131 134 141 143 150 154 156
1 3 4 11 13 21 25 30 31 35 42 48 49 54 59 65 69 74 83 84 93 94 101 106 112 113 118 123 130 136 141 142 150 154 157
2 3 7 11 16 20 24 29 34 38 43 48 51 57 60 67 70 77 80 87 90 97 100 106 108 114 119 124 129 134 139 143 148 152 156
2 3 7 11 16 20 23 29 33 38 41 48 50 57 60 67 70 75 80 85 90 95 101 104 111 114 121 124 131 134 141 143 150 154 156
1 3 7 8 16 21 25 26 34 39 44 45 53 58 63 64 73 74 83 88 93 98 102 103 112 113 122 123 132 137 141 142 150 155 157
2 3 7 11 16 20 25 29 34 38 43 48 51 57 60 67 70 77 80 87 90 97 100 106 109 114 119 124 129 134 139 143 148 152 156
2 3 7 11 16 20 25 29 34 36 43 46 53 55 62 67 72 77 83 85 92 95 102 104 111 116 121 124 132 136 141 143 150 154 156
2 3 7 11 16 20 25 29 34 38 43 48 52 57 62 67 72 77 82 87 92 97 102 106 111 116 121 126 131 136 141 145 150 154 156
2 3 7 11 16 19 25 28 34 38 43 48 52 57 62 66 72 77 82 87 92 97 102 106 111 116 121 124 131 136 141 145 150 154 156
2 3 7 8 16 21 25 30 34 35 44 48 53 58 63 68 71 77 83 88 93 98 102 103 112 117 122 126 132 134 139 146 150 155 157
2 3 7 11 16 20 25 29 34 36 43 48 52 57 62 67 72 77 82 87 92 97 102 106 111 116 121 124 131 136 141 145 150 154 156
2 3 7 8 13 20 25 26 34 38 41 45 51 57 61 67 72 74 82 85 91 97 102 103 108 113 118 123 132 133 141 142 150 154 157
2 3 7 11 16 18 25 27 34 36 44 46 53 55 63 65 73 75 83 85 93 95 102 104 112 114 121 124 131 134 141 143 150 152 156
2 3 7 11 16 18 25 27 34 36 43 48 52 55 62 65 73 75 82 85 92 95 102 104 112 114 121 124 131 134 141 143 150 152 156
2 3 4 12 13 20 23 30 31 39 40 45 53 58 59 65 72 74 83 88 90 94 99 103 112 113 118 124 132 133 138 143 150 155 157
2 3 7 11 16 20 25 29 34 38 43 48 52 57 63 67 73 77 83 87 93 97 102 106 112 116 122 124 132 136 141 145 150 154 156
2 3 7 11 16 20 25 29 34 36 43 48 52 55 62 67 72 77 82 85 92 95 102 104 111 114 121 124 131 135 141 145 150 154 156
1 3 4 12 13 20 22 29 31 39 44 48 51 57 61 67 73 74 79 88 93 98 101 106 108 113 122 123 132 137 138 146 150 154 157
2 3 5 11 16 20 23 29 34 38 43 46 52 55 62 66 72 75 82 87 92 95 102 106 111 114 121 124 131 136 141 145 150 153 156
2 3 5 11 16 18 25 27 34 38 43 46 52 57 62 65 72 77 82 85 92 97 102 106 111 116 121 124 131 134 141 145 150 152 156
2 3 4 8 16 21 25 27 33 38 40 48 53 58 62 64 69 74 81 84 93 94 99 107 108 113 122 123 128 133 141 146 150 154 157
2 3 7 11 16 18 25 27 34 38 43 47 53 55 63 65 72 75 82 85 93 95 102 104 111 114 121 124 131 134 141 143 150 152 156
2 3 4 8 13 21 25 29 33 35 40 45 53 58 62 64 69 78 82 88 93 94 99 103 109 117 122 123 128 133 138 146 150 154 157
2 3 7 11 16 20 25 29 34 38 43 48 51 57 60 67 70 77 80 87 90 97 100 104 109 114 119 124 129 134 139 143 148 152 156
1 3 4 11 13 20 22 29 34 39 44 48 51 57 61 67 70 74 79 84 91 97 101 106 108 113 118 123 128 137 141 145 150 154 157
2 3 4 11 13 20 23 29 32 38 41 48 50 57 60 67 70 75 80 85 91 95 102 104 111 114 121 124 131 136 141 145 150 154 156
2 3 5 11 16 18 25 27 34 38 43 48 52 55 62 65 72 75 82 85 92 97 102 106 111 114 121 124 131 135 141 143 150 152 156
2 3 4 11 13 20 22 29 33 38 42 48 49 58 63 67 71 77 81 87 91 97 101 106 110 116 122 127 130 136 140 145 150 154 157
2 3 7 11 16 20 25 29 34 36 43 48 52 55 62 67 72 75 82 85 92 95 102 104 111 114 121 124 131 134 141 143 150 152 156
2 3 7 11 16 20 25 29 34 38 43 48 52 57 62 67 71 77 81 87 91 97 101 106 109 116 119 124 129 136 139 145 148 154 156
2 3 4 11 13 20 23 29 32 38 42 46 51 57 61 65 70 77 81 87 91 97 101 105 110 116 121 124 130 136 140 145 149 154 157
2 3 7 11 16 20 23 29 33 38 41 48 50 57 60 67 70 77 80 85 90 95 100 104 110 114 121 124 131 134 141 143 150 152 156
2 3 7 11 16 20 25 29 34 38 43 48 52 57 62 67 72 77 82 87 92 97 102 106 111 116 121 124 131 136 141 145 150 154 156
2 3 5 8 13 20 25 26 34 39 43 48 51 57 61 67 72 75 82 84 91 97 101 106 111 116 122 124 130 136 140 145 150 154 157
2 3 7 11 16 20 25 29 34 38 44 48 53 57 63 67 73 75 83 85 93 97 102 106 112 114 122 124 132 136 141 145 150 154 156
1 3 7 12 13 17 22 26 33 38 42 48 49 54 61 67 71 77 81 87 89 98 102 107 110 116 122 123 130 136 138 142 147 151 157
2 3 7 11 16 20 25 29 34 38 43 47 52 57 62 65 72 75 82 85 93 98 102 104 111 115 121 124 131 134 141 143 150 153 156
2 3 7 11 16 20 25 29 34 36 44 48 52 56 62 66 73 77 82 85 92 96 102 105 112 116 121 124 132 134 141 143 150 152 156
2 3 7 11 13 20 25 29 34 39 43 48 51 57 62 67 71 78 80 87 91 97 100 106 108 117 119 127 128 136 138 145 150 154 157
2 3 7 11 16 20 25 27 34 38 43 48 52 55 62 67 72 75 82 85 93 97 102 104 111 116 121 124 131 134 141 143 150 152 156
2 3 7 11 16 20 25 27 34 38 43 48 52 57 62 67 72 75 82 85 92 95 102 104 111 114 121 124 131 134 141 143 150 152 156
2 3 7 12 13 18 23 27 34 36 41 48 52 57 62 65 70 77 82 87 92 97 102 104 109 114 121 124 132 136 139 143 150 154 157
2 3 7 11 16 17 22 26 34 36 43 45 52 54 60 64 71 75 82 84 91 95 101 104 109 114 119 124 130 134 139 143 148 153 157
1 3 4 11 16 21 25 30 33 38 42 48 49 54 61 67 69 74 81 87 91 97 102 107 110 116 122 127 130 136 138 146 150 154 157
2 3 7 11 16 19 25 27 34 38 43 46 53 55 63 65 72 77 82 85 93 95 102 104 111 116 122 124 131 134 141 143 150 152 156
2 3 7 11 16 20 25 29 34 37 43 48 52 57 62 67 72 77 82 87 93 97 102 106 111 116 121 124 131 136 141 145 150 154 156
2 3 4 11 13 20 22 29 34 36 41 45 51 57 60 67 70 77 82 87 91 97 101 106 109 115 121 124 130 136 141 145 148 154 157
2 3 7 11 16 18 25 27 34 36 44 46 52 55 62 65 72 75 82 85 92 95 102 104 111 114 121 124 131 134 141 143 150 152 156
2 3 7 10 16 18 25 27 34 36 43 46 52 55 62 65 72 75 82 85 92 95 102 104 111 114 121 124 130 134 140 143 148 152 156
1 3 4 8 16 21 25 26 31 39 44 45 49 54 61 67 73 78 79 84 93 94 102 103 112 117 122 123 132 133 138 146 150 151 157
2 3 7 9 16 18 25 27 34 38 44 48 52 57 62 65 72 75 82 86 92 97 102 106 111 114 121 124 132 134 141 145 150 153 156
2 3 7 11 16 20 25 27 34 38 43 46 52 55 62 65 72 75 82 85 92 95 102 104 111 114 121 124 131 134 141 143 150 152 156
1 3 7 12 16 17 25 30 34 39 44 48 53 58 63 68 73 74 79 88 89 98 99 107 112 113 122 127 128 137 138 142 147 155 157
2 3 6 8 16 21 25 26 34 35 44 45 53 54 63 67 71 77 83 87 93 97 102 103 112 117 122 124 131 134 141 145 150 154 157
2 3 7 11 16 18 25 27 34 36 43 45 52 55 62 65 72 75 82 85 92 95 102 104 111 114 121 124 130 134 140 143 148 152 156
2 3 7 11 16 20 23 29 33 38 41 48 50 57 60 67 70 77 80 85 90 95 100 104 110 114 121 124 131 134 141 143 150 152 156
2 3 4 11 14 20 23 29 34 38 43 46 52 57 61 67 70 77 80 87 90 95 102 106 109 114 121 124 129 136 139 143 150 154 157
2 3 5 11 16 20 23 27 34 37 43 46 52 57 62 65 72 77 82 87 92 97 102 106 111 116 121 124 131 134 141 143 150 152 156
2 3 5 11 14 19 23 29 34 38 43 48 52 57 62 67 72 77 82 87 92 97 102 106 111 116 121 124 131 136 141 145 150 154 156
2 3 7 11 16 20 23 29 32 39 41 48 50 57 60 67 70 75 80 85 90 95 102 104 111 114 121 124 131 134 141 145 150 154 156
2 3 4 8 13 20 23 26 34 38 40 45 51 57 61 67 73 75 82 85 92 94 99 103 112 114 118 123 128 133 141 142 150 154 157
2 3 7 11 16 19 25 29 34 36 44 47 53 55 63 65 73 75 82 87 92 95 102 104 111 114 121 124 131 136 141 143 150 152 156
2 3 7 11 16 20 23 29 34 38 42 48 50 57 60 67 70 77 80 87 90 95 100 104 109 114 119 124 131 134 141 143 150 152 156
2 3 7 11 16 20 25 26 34 38 44 48 53 57 63 67 73 77 82 85 93 97 102 106 111 114 122 124 131 135 141 145 150 154 157
2 3 7 8 16 20 23 27 34 38 44 48 52 57 62 65 73 77 82 87 92 97 102 106 112 117 121 124 131 133 141 145 150 152 156
2 3 7 11 16 18 25 29 34 36 43 46 52 55 62 65 72 75 82 85 92 95 102 104 111 114 121 124 131 134 141 143 150 152 156
2 3 5 8 13 20 22 29 34 38 43 48 51 57 61 67 71 75 82 85 91 97 101 106 112 114 118 123 129 134 140 145 150 154 157
2 3 7 11 16 20 25 27 34 38 44 48 53 57 63 67 73 77 83 87 93 98 102 107 111 117 121 127 131 137 141 146 150 155 156
2 3 7 11 16 20 25 29 34 38 43 48 52 57 62 67 72 77 82 87 92 97 102 106 111 116 121 124 131 136 140 145 150 154 156
2 3 5 11 16 20 25 27 34 36 43 46 52 55 62 65 72 75 82 85 92 95 102 104 111 114 121 124 131 134 141 143 150 152 157
2 3 7 11 16 18 25 27 34 36 43 46 52 55 62 65 72 75 82 85 92 95 102 104 111 114 121 124 131 134 141 143 150 152 156
2 3 7 11 16 20 25 28 34 36 43 46 52 57 62 65 72 77 82 87 92 96 102 104 111 115 121 124 131 134 141 143 150 154 156
1 3 7 12 16 17 22 29 33 38 44 48 53 58 59 64 73 74 79 88 91 97 102 103 112 113 122 127 128 133 140 145 150 154 157
1 3 7 8 16 21 25 26 34 39 44 45 53 54 63 64 73 78 83 88 93 98 102 103 112 117 122 127 132 137 141 146 150 151 157
2 3 7 11 16 20 25 29 34 37 43 46 52 57 62 67 73 77 83 87 92 97 102 106 111 116 121 124 131 134 141 145 150 154 156
2 3 7 11 16 18 25 27 34 38 43 48 52 55 62 67 72 75 82 85 92 97 102 106 111 115 121 124 131 134 141 144 150 152 156
2 3 7 11 16 20 25 29 34 38 43 48 52 57 62 67 72 77 82 87 92 97 102 106 110 116 120 125 130 136 139 145 148 154 156
2 3 7 11 16 20 25 29 34 38 43 48 52 57 62 67 72 77 82 87 92 97 102 106 111 116 121 126 131 136 140 145 149 154 156
1 3 4 11 13 20 22 29 33 38 42 48 53 58 63 68 73 74 81 87 93 98 102 103 112 117 122 124 132 137 141 142 150 154 157
2 3 7 11 16 20 25 29 34 38 43 48 52 57 60 67 70 77 80 87 90 97 100 106 109 116 119 124 129 134 139 143 148 152 156
2 3 7 11 16 20 25 29 34 38 43 48 52 57 62 67 72 77 82 87 92 97 102 106 111 116 121 124 131 136 141 145 150 154 156
2 3 7 11 13 17 22 26 34 38 43 48 51 57 60 64 72 75 82 85 91 97 100 106 111 114 121 124 131 134 139 143 148 152 157
2 3 7 11 16 20 25 29 34 36 43 47 52 55 62 67 72 76 82 87 92 95 102 104 111 114 121 124 131 134 141 145 150 154 156
2 3 4 9 13 20 22 29 33 38 42 48 51 57 61 65 71 77 83 85 91 97 102 103 110 114 122 124 128 136 140 145 150 152 157
2 3 7 11 16 18 25 29 34 38 43 48 52 57 62 67 72 75 82 86 92 97 102 104 111 116 121 124 131 134 141 143 150 154 156
2 3 7 11 16 20 25 28 34 37 43 46 52 56 62 65 72 76 82 85 92 96 102 104 111 114 121 124 131 134 141 143 150 152 156
2 3 4 8 13 20 22 30 33 38 42 48 51 57 61 67 71 77 82 87 90 97 100 104 110 116 119 124 130 136 140 145 150 154 157
2 3 7 11 16 19 25 27 34 36 43 46 52 55 62 65 72 77 82 87 92 95 102 104 111 114 121 124 131 134 141 143 150 152 156
2 3 4 11 16 20 23 29 33 38 42 48 51 57 61 67 71 77 81 87 91 97 101 106 110 116 121 124 130 136 140 145 150 154 156
2 3 7 11 16 20 25 29 34 36 43 46 53 57 63 67 72 75 83 87 93 95 102 106 111 114 122 124 132 136 141 145 150 154 156
2 3 7 11 16 20 25 29 34 37 43 48 52 57 62 67 72 77 82 87 92 97 102 106 111 116 121 124 131 134 141 145 150 154 156
2 3 7 11 16 19 25 28 34 36 43 46 52 57 62 65 72 75 82 86 92 95 102 104 111 114 121 124 131 134 141 143 150 152 156
2 3 4 11 13 18 22 27 34 38 42 46 51 57 61 65 71 75 80 85 91 97 102 106 110 115 121 124 130 136 140 145 150 154 157
2 3 7 11 16 20 25 29 34 38 43 48 52 57 62 67 72 77 82 87 92 97 102 106 111 116 121 126 131 136 141 146 150 154 156
2 3 5 11 14 20 23 29 34 37 43 48 52 57 62 67 72 75 82 87 92 97 102 106 111 114 121 124 131 136 141 145 150 153 156
2 3 7 11 16 20 23 29 34 38 43 48 52 57 62 67 72 77 82 87 92 97 102 104 111 116 121 124 131 136 141 145 150 154 156
2 3 7 11 16 20 25 29 34 38 44 45 53 55 63 65 73 77 83 85 93 95 102 103 112 114 122 124 132 133 141 143 150 152 156
1 3 4 12 16 21 22 29 34 35 44 45 53 54 59 64 71 77 79 84 91 97 101 106 108 113 122 123 132 137 138 142 150 154 157
2 3 7 12 16 21 25 30 32 39 41 48 49 58 59 67 69 75 79 85 89 94 100 103 111 113 122 123 132 133 141 143 150 154 156
2 3 7 9 16 20 25 29 34 36 43 48 52 55 63 67 72 75 82 85 92 95 102 104 111 116 121 124 132 134 141 145 150 152 156
2 3 4 11 16 20 22 29 33 35 42 48 51 57 59 65 70 74 82 87 91 97 102 106 108 116 122 123 128 136 140 145 150 154 157
2 3 6 11 16 18 25 29 34 36 43 48 52 55 62 66 72 77 82 85 92 95 102 104 111 114 121 124 131 136 141 145 150 154 156
2 3 7 11 16 20 23 29 32 38 41 48 50 57 60 67 70 75 80 85 90 95 101 104 111 114 121 124 131 134 141 143 150 154 156
2 3 7 12 13 21 22 26 34 38 43 48 52 57 62 67 72 76 82 87 91 97 100 104 112 114 122 123 132 134 141 145 150 154 157
2 3 7 11 16 18 25 28 34 38 43 48 52 57 62 67 72 77 82 87 92 97 102 106 111 116 121 124 131 136 141 145 150 154 156
2 3 7 11 16 20 25 29 34 38 43 48 52 57 62 67 72 77 82 87 92 97 102 106 111 116 121 124 131 136 141 145 150 154 156
2 3 7 11 16 20 25 29 34 37 43 46 52 55 62 67 72 75 82 87 92 95 102 104 111 114 121 124 131 134 141 143 150 154 156
2 3 7 11 16 18 25 29 34 36 43 48 52 57 62 67 72 77 83 87 92 95 102 106 111 114 121 124 132 136 141 145 150 154 156
1 3 7 12 16 17 25 26 34 39 42 48 53 54 61 67 71 77 81 87 89 98 102 107 110 116 122 127 130 136 138 142 150 154 157
2 3 7 11 16 21 25 30 32 39 40 48 51 58 59 68 69 77 79 85 89 95 99 104 109 113 121 123 132 133 140 142 150 152 156
2 3 7 11 16 18 25 26 34 38 43 45 53 55 63 64 72 77 82 85 93 95 102 106 111 114 121 124 131 136 141 143 150 152 156
2 3 4 11 16 20 23 29 34 38 43 46 52 55 62 67 72 75 82 85 92 97 102 104 111 114 121 124 131 136 141 144 150 152 156
