2 3 7 11 16 18 25 29 34 35 43 48 53 55 63 66 72 75 82 87 93 95 102 104 111 115 121 124 131 135 141 144 150 153 156
2 3 4 11 13 20 22 29 33 38 43 48 51 57 61 67 72 75 82 84 91 97 101 106 110 116 122 124 130 136 140 145 150 154 157
2 3 5 11 16 18 25 29 34 38 43 48 52 57 62 67 72 75 82 85 92 96 102 106 111 114 121 124 131 136 141 143 150 152 156
2 3 7 11 16 20 23 29 34 38 41 48 50 57 60 67 70 77 80 85 90 95 100 104 109 114 121 124 131 134 141 143 150 152 156
2 3 7 11 16 20 25 29 34 38 43 48 52 57 62 67 72 77 82 87 92 97 102 106 109 116 119 125 130 136 139 145 148 154 156
2 3 5 9 16 20 25 29 34 38 43 46 52 57 62 67 72 75 82 87 92 97 102 104 111 114 121 124 131 134 141 143 150 152 156
2 3 7 11 16 18 25 27 34 38 43 48 52 57 62 66 72 76 82 85 92 97 102 106 111 114 121 124 131 134 141 143 150 152 156
2 3 7 12 16 20 25 26 34 39 42 48 53 58 61 67 73 74 83 88 93 98 102 107 112 117 122 127 132 137 138 146 150 154 157
1 3 7 12 16 17 22 29 33 38 40 45 51 57 61 67 69 78 83 88 89 98 99 107 112 113 122 127 128 137 141 146 150 154 157
2 3 4 11 14 18 23 27 33 36 42 46 51 56 61 66 71 77 81 87 91 97 101 106 110 116 121 124 130 136 140 145 150 154 156
2 3 7 9 16 20 23 29 34 38 43 48 52 55 62 67 72 75 82 85 92 97 102 104 111 114 121 124 131 134 141 143 150 154 156
2 3 7 11 16 20 25 29 34 35 43 48 52 57 62 67 72 77 83 87 92 97 102 106 111 116 121 124 131 136 141 145 150 155 157
2 3 7 11 16 19 25 29 34 38 44 48 52 57 62 67 72 77 82 87 92 97 102 106 111 116 121 124 131 136 141 145 150 154 156
2 3 4 11 13 20 22 29 31 35 42 48 53 54 61 67 69 74 79 84 93 94 100 103 112 117 118 124 132 133 140 146 150 154 157
1 3 4 11 13 20 22 29 33 38 42 48 51 57 61 67 71 77 81 87 91 97 101 106 110 116 122 124 130 136 140 145 150 154 157
2 3 7 11 16 17 25 26 34 35 44 45 53 54 63 64 73 74 83 84 93 95 102 103 112 113 122 123 132 133 141 142 150 151 157
2 3 5 8 16 20 22 26 34 35 43 45 51 57 59 65 70 77 83 84 91 97 101 106 109 117 121 124 130 136 141 145 150 154 157
2 3 7 11 16 20 25 29 34 38 43 48 52 57 62 67 71 77 80 87 90 97 100 106 109 116 119 124 129 136 139 145 148 154 156
2 3 7 11 16 20 25 26 34 36 44 45 52 55 62 67 73 77 83 87 92 96 102 104 112 116 122 124 132 134 141 145 150 152 156
2 3 5 12 16 20 25 29 34 38 43 48 52 58 60 68 70 78 80 88 90 97 100 106 108 116 118 124 128 134 138 143 148 152 156
2 3 7 11 16 20 24 29 34 38 43 48 51 57 60 67 70 77 80 87 90 97 100 106 108 114 119 124 129 134 139 143 148 152 156
2 3 7 11 16 20 23 29 33 38 41 48 50 57 60 67 70 75 80 85 90 95 101 104 111 114 121 124 131 134 141 143 150 154 156
2 3 4 12 13 20 23 30 31 39 40 45 53 58 59 65 72 74 83 88 90 94 99 103 112 113 118 124 132 133 138 143 150 155 157
1 3 4 12 13 20 22 29 31 39 44 48 51 57 61 67 73 74 79 88 93 98 101 106 108 113 122 123 132 137 138 146 150 154 157
2 3 7 12 13 18 23 27 34 36 41 48 52 57 62 65 70 77 82 87 92 97 102 104 109 114 121 124 132 136 139 143 150 154 157
2 3 7 11 16 20 25 29 34 37 43 48 52 57 62 67 72 77 82 87 93 97 102 106 111 116 121 124 131 136 141 145 150 154 156
2 3 4 11 13 20 22 29 34 36 41 45 51 57 60 67 70 77 82 87 91 97 101 106 109 115 121 124 130 136 141 145 148 154 157
1 3 4 8 16 21 25 26 31 39 44 45 49 54 61 67 73 78 79 84 93 94 102 103 112 117 122 123 132 133 138 146 150 151 157
1 3 7 12 16 17 25 30 34 39 44 48 53 58 63 68 73 74 79 88 89 98 99 107 112 113 122 127 128 137 138 142 147 155 157
2 3 5 11 16 20 23 27 34 37 43 46 52 57 62 65 72 77 82 87 92 97 102 106 111 116 121 124 131 134 141 143 150 152 156
2 3 7 8 16 20 23 27 34 38 44 48 52 57 62 65 73 77 82 87 92 97 102 106 112 117 121 124 131 133 141 145 150 152 156
1 3 4 11 13 20 22 29 33 38 42 48 53 58 63 68 73 74 81 87 93 98 102 103 112 117 122 124 132 137 141 142 150 154 157
2 3 7 11 16 20 25 29 34 36 43 46 53 57 63 67 72 75 83 87 93 95 102 106 111 114 122 124 132 136 141 145 150 154 156
2 3 7 9 16 20 25 29 34 36 43 48 52 55 63 67 72 75 82 85 92 95 102 104 111 116 121 124 132 134 141 145 150 152 156
2 3 4 11 16 20 22 29 33 35 42 48 51 57 59 65 70 74 82 87 91 97 102 106 108 116 122 123 128 136 140 145 150 154 157
