2 3 7 11 16 18 25 27 34 36 43 48 53 57 63 67 73 75 82 87 93 97 102 106 112 114 122 124 131 136 141 143 150 152 156
2 3 7 8 16 18 25 26 34 38 44 46 53 55 63 65 73 75 83 85 93 95 102 104 112 114 122 124 132 134 141 143 150 152 156
2 3 7 11 16 17 23 27 34 36 44 46 52 55 63 65 73 75 83 85 91 95 102 104 112 114 122 124 132 134 141 143 150 152 157
2 3 5 11 16 18 22 27 34 38 43 46 52 55 61 65 71 75 81 85 92 95 102 104 110 114 121 124 130 134 140 143 150 152 156
2 3 7 11 16 20 25 29 34 38 43 48 52 57 61 67 70 77 80 87 90 97 100 106 109 116 119 124 129 134 139 143 148 152 156
2 3 7 11 16 20 25 29 34 38 44 48 53 57 63 67 72 75 82 85 93 97 102 106 112 114 121 124 131 136 141 143 150 152 156
2 3 7 11 16 20 25 29 34 37 44 48 53 57 63 67 72 77 82 87 93 97 102 106 111 116 122 124 131 136 141 145 150 154 156
2 3 5 11 13 18 25 29 34 36 43 48 52 57 62 65 72 77 82 87 92 97 102 104 111 115 121 124 131 136 141 143 150 154 156
2 3 4 11 13 17 25 29 33 36 40 46 52 54 63 64 71 77 82 85 91 98 102 104 110 116 119 124 130 134 141 146 148 154 157
1 3 4 11 13 20 22 29 33 38 42 48 49 54 61 67 73 77 81 87 91 97 99 107 110 116 122 123 128 133 141 146 150 154 157
2 3 5 11 16 18 23 26 34 36 43 46 52 57 62 65 71 76 82 87 92 97 102 106 111 116 121 124 131 134 141 143 150 152 157
2 3 7 11 16 18 25 29 34 36 43 48 52 57 62 66 72 76 82 85 92 95 102 106 111 114 121 124 131 136 141 143 150 152 156
2 3 7 11 16 20 25 29 34 38 43 48 52 57 62 67 72 77 82 87 92 97 101 107 110 117 119 126 129 136 139 145 148 154 156
2 3 5 11 16 20 25 29 34 38 43 48 52 55 62 67 72 77 82 85 92 97 102 104 111 116 121 124 131 134 141 145 150 152 156
1 3 7 12 13 20 22 29 31 35 42 48 51 57 59 64 69 74 79 88 89 98 101 106 110 116 122 123 128 137 138 146 147 155 157
2 3 7 11 16 18 25 27 34 38 43 48 52 57 62 66 72 77 82 87 92 97 102 106 111 116 121 124 131 136 141 145 150 154 156
2 3 5 11 16 20 25 29 34 36 43 48 52 54 62 67 72 75 82 87 93 95 102 104 111 114 122 124 131 136 141 145 150 154 157
2 3 7 11 16 20 25 29 34 38 43 48 51 57 60 67 70 77 80 87 90 97 100 106 109 114 119 124 129 134 139 143 148 152 156
2 3 7 11 16 20 25 29 34 36 43 46 53 55 62 67 72 77 83 85 92 95 102 104 111 116 121 124 132 136 141 143 150 154 156
2 3 7 11 16 20 25 29 34 36 43 48 52 57 62 67 72 77 82 87 92 97 102 106 111 116 121 124 131 136 141 145 150 154 156
2 3 7 11 16 20 25 29 34 36 43 48 52 55 62 67 72 77 82 85 92 95 102 104 111 114 121 124 131 135 141 145 150 154 156
2 3 4 8 16 21 25 27 33 38 40 48 53 58 62 64 69 74 81 84 93 94 99 107 108 113 122 123 128 133 141 146 150 154 157
2 3 4 11 13 20 23 29 32 38 41 48 50 57 60 67 70 75 80 85 91 95 102 104 111 114 121 124 131 136 141 145 150 154 156
2 3 5 11 16 18 25 27 34 38 43 48 52 55 62 65 72 75 82 85 92 97 102 106 111 114 121 124 131 135 141 143 150 152 156
2 3 7 11 16 20 25 29 34 36 43 48 52 55 62 67 72 75 82 85 92 95 102 104 111 114 121 124 131 134 141 143 150 152 156
2 3 7 11 16 20 25 29 34 38 43 47 52 57 62 65 72 75 82 85 93 98 102 104 111 115 121 124 131 134 141 143 150 153 156
2 3 5 8 13 20 22 29 34 38 43 48 51 57 61 67 71 75 82 85 91 97 101 106 112 114 118 123 129 134 140 145 150 154 157
2 3 7 11 16 20 25 29 34 38 43 48 52 57 62 67 72 77 82 87 92 97 102 106 111 116 121 126 131 136 140 145 149 154 156
2 3 7 11 16 20 25 29 34 38 43 48 52 57 62 67 72 77 82 87 92 97 102 106 111 116 121 124 131 136 141 145 150 154 156
2 3 7 11 16 20 25 29 34 36 43 47 52 55 62 67 72 76 82 87 92 95 102 104 111 114 121 124 131 134 141 145 150 154 156
2 3 4 8 13 20 22 30 33 38 42 48 51 57 61 67 71 77 82 87 90 97 100 104 110 116 119 124 130 136 140 145 150 154 157
2 3 7 11 16 19 25 28 34 36 43 46 52 57 62 65 72 75 82 86 92 95 102 104 111 114 121 124 131 134 141 143 150 152 156
2 3 7 11 16 20 25 29 34 38 43 48 52 57 62 67 72 77 82 87 92 97 102 106 111 116 121 126 131 136 141 146 150 154 156
1 3 4 12 16 21 22 29 34 35 44 45 53 54 59 64 71 77 79 84 91 97 101 106 108 113 122 123 132 137 138 142 150 154 157
1 3 7 12 16 17 25 26 34 39 42 48 53 54 61 67 71 77 81 87 89 98 102 107 110 116 122 127 130 136 138 142 150 154 157
