2 3 7 11 16 18 25 27 34 36 43 45 52 55 62 65 73 75 82 85 92 95 102 104 111 114 121 124 131 134 141 143 150 152 156
2 3 7 11 16 20 23 29 33 38 41 48 50 57 60 67 70 75 80 85 90 95 101 104 111 114 121 124 131 134 141 143 150 154 156
2 3 7 11 16 20 25 29 34 38 42 48 50 57 60 67 70 77 80 87 90 97 100 104 109 114 119 124 129 134 140 143 150 151 156
2 3 4 11 13 20 23 29 32 38 41 48 50 57 60 65 70 75 80 85 91 95 102 104 111 114 121 124 131 134 141 145 150 154 156
2 3 7 11 13 20 22 29 33 38 42 48 51 57 62 65 71 77 82 87 91 97 101 106 111 116 121 126 130 136 140 145 150 154 157
2 3 7 11 16 20 23 29 33 38 41 48 50 57 60 67 70 77 80 85 90 95 100 104 110 114 121 124 131 134 141 143 150 154 156
1 3 7 8 16 21 25 30 34 39 44 48 53 54 63 64 73 78 83 84 93 98 102 107 112 113 122 127 132 133 141 146 150 151 157
2 3 4 11 16 18 23 27 33 38 43 48 53 55 63 67 73 75 81 87 93 95 102 104 110 116 122 124 130 136 141 143 150 152 157
2 3 7 11 16 20 25 29 34 36 43 46 52 56 62 65 72 75 82 85 92 95 102 104 111 114 121 124 131 134 141 143 150 152 156
2 3 4 11 16 20 23 29 34 38 43 48 52 57 61 67 71 77 80 87 90 97 100 106 109 116 119 124 129 136 139 145 148 152 156
2 3 4 11 13 20 22 26 34 38 43 48 50 57 60 65 72 77 82 87 90 97 100 104 111 116 121 124 131 136 139 143 150 152 157
2 3 7 11 16 18 25 27 34 35 44 45 52 55 62 65 72 75 82 85 92 95 102 104 111 114 121 124 131 134 141 143 150 152 156
2 3 7 11 16 20 25 29 34 38 43 48 52 57 61 67 70 77 80 87 90 97 100 106 109 116 119 124 129 136 139 143 148 152 156
2 3 7 11 16 20 25 29 34 38 43 48 51 57 60 67 70 77 80 87 90 97 100 104 109 114 119 124 129 134 139 143 148 152 156
2 3 7 11 16 20 23 29 34 38 41 48 50 57 60 67 70 77 80 85 90 95 100 104 109 114 121 124 131 134 141 143 150 152 156
2 3 7 11 16 20 25 29 34 36 44 48 53 57 63 67 70 78 83 87 93 98 102 107 112 117 122 127 132 136 141 146 150 155 156
2 3 5 11 16 20 25 29 34 36 43 48 52 57 62 67 72 75 82 87 92 97 102 106 111 114 121 124 131 136 141 145 150 154 156
2 3 7 11 16 20 23 29 32 38 41 48 50 57 60 65 70 75 80 85 92 95 102 104 111 114 121 124 131 136 141 145 148 154 156
2 3 7 11 16 20 23 30 34 38 41 48 50 57 60 67 70 77 80 87 91 95 101 104 110 114 121 124 130 134 140 143 150 153 156
2 3 4 9 16 20 23 29 34 38 43 46 52 57 62 67 72 77 82 87 92 97 102 104 111 116 121 124 131 135 141 145 150 154 156
2 3 7 11 16 17 25 29 34 36 44 48 53 55 63 65 73 77 83 87 93 95 102 106 112 114 122 124 132 136 141 143 150 152 156
2 3 5 11 14 20 23 29 33 38 42 48 51 57 61 67 71 77 80 87 91 97 101 106 109 114 120 124 128 133 140 143 150 152 157
2 3 7 11 16 19 25 28 34 38 43 48 52 57 62 66 72 77 82 87 92 97 102 106 111 116 121 124 131 136 141 145 150 154 156
2 3 7 11 16 20 25 29 34 38 43 48 52 57 63 67 73 77 83 87 93 97 102 106 112 116 122 124 132 136 141 145 150 154 156
2 3 5 11 16 18 25 27 34 38 43 46 52 57 62 65 72 77 82 85 92 97 102 106 111 116 121 124 131 134 141 145 150 152 156
2 3 4 8 13 21 25 29 33 35 40 45 53 58 62 64 69 78 82 88 93 94 99 103 109 117 122 123 128 133 138 146 150 154 157
2 3 7 11 16 20 25 29 34 38 43 48 51 57 60 67 70 77 80 87 90 97 100 104 109 114 119 124 129 134 139 143 148 152 156
2 3 7 11 16 20 25 27 34 38 43 48 52 57 62 67 72 75 82 85 92 95 102 104 111 114 121 124 131 134 141 143 150 152 156
2 3 7 11 16 19 25 27 34 38 43 46 53 55 63 65 72 77 82 85 93 95 102 104 111 116 122 124 131 134 141 143 150 152 156
2 3 6 8 16 21 25 26 34 35 44 45 53 54 63 67 71 77 83 87 93 97 102 103 112 117 122 124 131 134 141 145 150 154 157
2 3 7 11 16 20 25 26 34 38 44 48 53 57 63 67 73 77 82 85 93 97 102 106 111 114 122 124 131 135 141 145 150 154 157
2 3 5 11 16 20 25 27 34 36 43 46 52 55 62 65 72 75 82 85 92 95 102 104 111 114 121 124 131 134 141 143 150 152 157
1 3 7 12 16 17 22 29 33 38 44 48 53 58 59 64 73 74 79 88 91 97 102 103 112 113 122 127 128 133 140 145 150 154 157
2 3 7 11 16 20 23 29 32 38 41 48 50 57 60 67 70 75 80 85 90 95 101 104 111 114 121 124 131 134 141 143 150 154 156
2 3 7 11 16 18 25 29 34 36 43 48 52 57 62 67 72 77 83 87 92 95 102 106 111 114 121 124 132 136 141 145 150 154 156
