2 9 12 15 18
1 10 11 14 17
5 10 13 16 19
2 6 12 15 18
1 8 11 14 17
3 7 13 15 19
2 7 12 15 18
1 10 11 14 17
3 10 13 16 19
2 6 12 15 18
1 10 11 14 17
3 6 13 16 19
1 6 12 15 18
3 10 13 16 19
2 9 12 15 18
2 10 11 14 17
3 10 13 16 19
2 6 12 15 18
2 9 13 16 19
5 10 13 15 18
1 9 11 14 17
3 6 13 16 19
5 10 12 15 18
5 9 13 16 19
4 9 12 15 18
1 10 11 14 17
1 10 11 14 17
5 9 13 16 19
2 10 13 16 18
1 10 11 14 17
1 6 12 16 19
2 10 11 14 17
5 10 13 16 19
3 6 12 15 18
3 10 13 16 19
3 10 12 15 18
1 10 11 14 17
3 7 13 16 19
2 6 12 15 18
1 9 11 14 17
3 6 13 16 19
2 7 12 15 18
5 8 13 16 19
1 10 11 14 17
2 8 12 15 18
2 9 13 16 19
1 10 11 14 17
5 7 13 15 18
1 10 11 14 17
2 9 12 15 18
5 10 13 16 19
1 10 11 14 17
2 8 12 15 18
2 10 11 14 17
2 6 12 15 18
5 10 13 16 19
1 10 11 14 17
3 6 12 15 18
5 10 13 16 19
1 10 11 14 17
2 7 12 15 18
2 6 13 15 19
1 10 11 14 17
1 6 12 15 18
1 6 12 15 18
1 10 11 14 17
5 6 13 16 19
1 6 12 15 18
1 10 11 14 17
3 9 13 16 19
2 6 12 15 18
1 10 11 14 17
2 6 13 15 19
2 8 12 15 18
1 10 11 14 17
5 10 13 16 19
2 6 13 15 18
1 10 11 14 17
5 10 13 16 19
1 6 12 15 18
1 10 11 14 17
2 6 13 16 19
2 9 12 15 18
1 10 11 14 17
2 7 13 16 19
2 8 12 15 18
2 10 11 14 17
5 10 13 16 19
1 10 11 14 17
5 10 12 15 18
1 10 11 14 17
4 8 12 15 18
1 9 11 14 17
2 6 12 15 18
3 10 13 16 19
1 10 11 14 17
3 6 13 15 18
5 6 13 16 19
1 10 11 14 17
2 6 12 15 18
5 10 13 16 19
1 10 11 14 17
3 10 12 15 18
3 8 13 16 19
1 10 11 14 17
2 6 12 15 18
3 10 13 16 19
3 7 12 15 18
5 10 13 16 19
1 10 11 14 17
2 9 12 15 18
3 9 13 16 19
1 10 11 14 17
2 7 12 15 18
5 7 13 16 19
1 10 11 14 17
2 6 12 15 18
5 9 13 16 19
1 10 11 14 17
2 6 12 15 18
3 7 13 16 19
1 10 11 14 17
2 9 13 16 19
1 10 11 14 17
5 9 13 16 18
3 7 13 16 19
5 10 12 15 18
5 9 13 16 19
1 10 11 14 17
2 6 12 15 18
3 9 13 16 19
1 10 11 14 17
3 8 12 15 18
5 9 13 16 19
5 10 13 16 19
