1 3 6 7 9 12 13 16
2 4 6 8 10 11 14 15
2 4 6 8 9 11 14 24
1 3 6 8 10 11 14 17
2 3 6 7 9 11 13 18
1 3 6 7 9 12 13 16
1 3 6 8 9 12 14 18
2 4 6 8 9 12 14 24
2 4 6 7 10 12 13 15
2 4 6 8 10 12 14 23
2 4 6 7 9 11 14 24
2 4 6 8 9 12 14 24
2 3 6 8 9 11 13 18
2 4 6 8 9 12 14 24
1 3 6 7 9 12 13 16
2 4 6 8 10 12 14 23
2 4 6 7 10 12 14 15
2 4 6 8 9 12 14 18
2 3 6 7 10 11 14 17
1 3 6 7 9 12 13 16
2 3 6 7 9 12 13 22
2 4 6 7 10 12 13 15
2 4 5 8 9 12 14 20
2 4 6 8 9 12 14 24
1 4 6 8 9 12 13 19
1 3 6 7 9 12 13 16
2 4 5 8 10 12 14 21
1 3 6 7 9 12 13 16
2 4 5 8 10 11 14 21
1 3 6 7 9 11 13 16
2 4 6 8 9 12 14 23
2 3 6 8 10 11 14 17
1 3 5 8 9 12 13 19
1 3 6 8 10 11 14 17
2 3 6 8 9 12 14 24
2 3 6 8 9 12 14 18
2 4 6 7 10 12 14 15
1 4 5 8 9 12 13 20
2 4 6 8 10 12 14 23
2 3 6 7 9 12 13 22
2 4 5 8 9 12 14 20
2 4 6 7 10 12 14 23
2 3 6 7 9 12 13 18
2 4 6 8 10 12 14 23
2 4 6 8 9 12 14 24
1 4 5 8 10 12 13 19
1 3 6 7 9 12 13 16
2 3 5 8 9 12 14 18
2 3 6 7 9 12 13 22
1 3 6 7 9 11 13 16
2 3 6 8 10 12 14 18
2 3 6 7 9 11 13 22
2 4 6 8 9 11 14 18
2 4 6 8 9 12 14 18
2 4 5 8 10 12 14 21
2 3 5 8 9 12 14 20
1 4 6 8 9 12 13 19
2 3 6 8 10 12 13 19
1 4 6 8 9 12 13 19
2 3 6 8 9 11 14 17
1 4 6 8 9 11 14 19
1 4 6 8 9 12 13 16
2 4 6 7 9 12 14 24
2 3 5 8 9 11 13 22
1 3 5 7 9 12 13 16
1 4 6 8 9 11 13 19
2 3 6 8 10 11 14 17
2 4 5 8 10 12 14 23
1 3 6 8 9 12 14 18
2 4 5 8 9 11 14 24
2 3 5 8 9 12 13 20
2 3 6 7 9 12 13 22
2 4 6 7 10 12 14 15
2 4 6 7 9 12 14 15
1 3 6 7 9 12 13 16
2 4 5 8 9 11 13 21
2 3 6 7 9 11 13 22
2 4 6 8 10 12 14 23
2 4 6 7 10 12 13 15
2 3 5 7 9 12 13 16
2 4 6 8 9 12 14 24
1 4 6 7 10 11 14 17
2 3 6 7 9 12 13 22
2 4 6 8 9 12 13 19
2 4 5 8 10 12 14 21
1 3 6 7 9 12 14 16
1 4 6 8 9 12 13 19
2 3 6 8 9 12 14 18
1 4 6 8 10 12 14 23
2 4 6 7 10 12 14 15
2 3 5 7 9 12 13 22
2 3 5 8 9 12 14 20
2 3 5 8 9 12 13 18
2 3 6 8 10 11 13 17
2 3 6 8 10 11 14 17
2 4 6 8 9 12 14 24
1 4 6 7 10 12 14 15
1 4 6 8 9 12 14 18
1 4 6 8 9 11 13 19
2 4 5 7 10 12 14 15
2 3 6 7 9 12 13 22
2 4 6 8 9 12 13 19
1 4 6 8 9 12 14 19
1 3 6 7 9 12 13 16
2 4 6 7 10 11 13 17
2 3 6 8 10 11 14 17
2 3 6 8 10 12 14 18
2 4 6 8 10 11 14 17
2 3 5 8 9 11 13 20
2 4 6 8 10 11 14 17
2 4 6 8 9 11 14 24
1 3 6 7 9 12 13 16
2 4 5 8 10 12 14 21
2 4 6 7 9 12 13 22
1 3 6 8 10 11 14 17
2 3 6 8 9 11 14 18
1 4 6 7 9 12 13 19
2 3 6 8 10 11 14 17
2 3 5 8 9 12 14 18
1 4 6 8 9 12 14 18
2 4 5 7 9 12 14 20
2 4 6 8 9 12 14 21
2 4 6 7 9 12 14 24
2 3 6 8 10 11 14 17
2 4 6 7 10 12 14 22
2 4 6 7 10 12 14 15
1 4 6 8 9 12 13 19
2 4 6 7 9 12 14 24
2 3 6 7 9 12 13 22
2 3 5 8 9 12 14 18
2 4 5 8 9 12 14 20
1 3 6 8 10 11 13 17
1 3 6 7 9 12 13 16
2 4 6 8 10 12 14 15
1 4 6 8 9 12 13 19
2 3 6 7 9 12 13 22
2 3 6 8 10 12 14 23
2 4 5 8 10 12 14 23
2 3 6 8 9 11 14 17
2 3 5 7 9 11 13 22
1 3 6 7 9 11 13 16
2 4 6 8 10 12 14 21
2 3 6 8 10 12 14 18
2 4 6 8 9 12 13 24
1 3 6 7 9 12 13 16
2 4 5 8 9 12 14 20
1 4 6 8 9 12 13 19
2 4 6 8 9 12 14 24
2 4 6 8 10 12 14 23
2 4 5 8 10 12 14 21
2 4 6 7 9 12 14 15
1 4 6 8 9 12 13 19
1 3 6 7 9 12 13 16
2 3 6 8 10 11 14 17
1 4 6 8 9 12 13 19
1 3 6 8 9 12 13 19
2 3 6 8 10 12 14 18
1 3 6 7 9 12 13 16
2 4 6 8 9 12 13 19
2 4 5 8 9 11 14 20
1 4 6 8 9 12 14 19
2 4 6 8 10 12 14 23
2 3 6 7 9 12 13 22
2 4 6 8 9 12 14 24
2 4 6 8 10 12 14 24
2 4 6 7 10 12 14 23
2 3 6 7 9 12 13 16
2 4 6 7 10 12 14 23
2 4 6 7 9 12 13 22
2 4 5 8 10 12 13 21
2 3 6 8 10 11 14 18
2 4 5 8 9 12 14 20
2 4 6 7 9 12 14 15
2 3 6 7 9 12 13 22
2 3 6 8 10 11 13 17
2 3 6 7 10 12 14 18
2 4 6 8 9 12 14 24
2 4 6 7 10 11 14 15
1 3 6 7 9 12 13 16
2 3 6 8 9 12 14 18
1 4 6 8 9 12 13 19
2 4 6 8 10 12 14 23
2 4 5 7 9 12 14 20
1 4 6 8 9 12 13 19
2 4 6 8 10 12 14 23
2 3 5 7 9 12 13 22
2 4 5 8 9 12 14 20
2 4 6 7 9 12 13 22
1 4 6 8 9 12 13 19
2 4 6 8 9 12 14 24
2 4 5 8 9 11 13 20
2 4 6 8 10 12 14 17
1 3 6 7 9 12 13 16
2 4 6 7 10 12 14 15
1 3 6 7 9 12 13 16
2 3 6 8 9 12 14 24
2 3 6 7 9 12 13 22
2 4 6 8 10 12 14 23
1 4 6 7 10 12 13 16
2 3 6 8 9 12 14 18
2 4 5 8 10 12 14 20
2 3 6 8 10 11 14 17
2 3 6 8 9 12 14 18
2 3 5 8 10 12 14 21
2 4 6 7 10 12 14 15
2 3 5 8 10 12 13 21
2 4 5 8 9 12 14 20
2 3 6 8 10 11 14 17
1 3 6 7 9 12 13 16
2 4 5 8 10 12 14 21
2 4 6 8 9 12 13 19
2 4 5 8 10 12 14 21
2 3 6 8 9 12 14 18
2 4 6 8 9 12 14 24
2 3 6 8 9 12 14 18
2 4 5 8 9 11 14 20
2 4 6 8 10 12 14 23
1 4 5 8 10 11 14 21
2 4 6 8 9 12 14 24
1 3 6 7 9 12 13 16
2 4 6 7 10 12 14 15
2 3 6 8 10 11 14 17
1 3 6 7 9 12 14 16
1 4 6 8 9 12 14 24
2 4 5 8 10 12 14 21
2 4 6 8 9 12 14 24
1 3 6 7 9 12 13 16
2 3 6 7 9 12 13 22
2 4 5 8 10 12 14 21
2 3 6 8 10 12 14 18
2 4 6 8 9 12 13 24
2 4 6 8 10 12 14 23
2 4 5 8 10 12 14 21
2 4 5 8 9 12 14 20
1 4 6 8 9 12 13 19
2 3 6 8 10 11 14 17
1 3 6 7 9 12 13 16
2 4 6 8 9 12 14 23
1 3 6 7 9 12 13 16
2 4 5 7 10 12 13 22
2 4 6 7 10 12 14 15
2 4 6 8 10 12 14 15
2 4 6 7 10 12 14 15
2 4 6 8 10 12 14 24
2 3 6 8 9 12 14 18
2 3 6 8 9 12 13 18
1 3 6 7 9 12 14 16
2 4 5 7 10 12 14 15
2 3 6 8 9 12 14 18
2 4 6 7 10 11 14 15
1 4 6 8 9 12 13 19
2 4 6 8 10 12 14 15
2 4 6 7 10 12 14 15
2 3 6 8 9 12 14 18
2 4 6 7 10 12 14 15
2 3 6 8 9 11 14 17
2 4 6 7 10 11 14 23
1 3 6 7 9 12 13 16
2 3 6 8 9 11 14 17
2 3 6 8 10 12 14 17
2 4 6 8 9 12 13 24
2 3 6 7 10 12 13 18
2 4 6 8 9 12 14 21
1 3 6 7 9 12 13 16
2 4 5 7 10 11 14 17
2 4 6 8 9 12 14 24
1 3 6 7 9 12 13 16
1 3 6 7 9 11 13 16
2 4 5 8 9 12 14 21
2 4 5 8 9 12 13 20
2 3 6 7 10 11 14 17
2 4 6 7 10 12 14 15
1 4 6 8 9 12 14 19
2 3 6 7 9 12 13 22
1 3 5 8 9 12 13 19
1 3 6 7 9 12 13 16
1 3 5 8 9 12 14 20
2 4 5 8 10 12 13 21
2 4 5 8 10 12 14 21
2 4 6 8 9 11 14 24
2 3 6 8 10 12 14 17
1 4 6 8 9 12 14 24
2 4 5 8 10 12 13 21
2 4 5 8 10 12 14 20
2 4 6 7 10 12 14 15
2 3 6 8 10 11 14 17
1 3 6 7 9 12 13 16
2 4 5 8 9 12 14 23
2 4 6 7 9 12 14 24
2 4 6 8 10 12 14 23
2 4 5 8 10 12 14 21
2 3 6 8 9 12 14 18
1 3 6 7 9 12 13 16
2 3 5 8 10 11 14 17
2 4 6 7 9 12 14 24
1 3 6 7 9 12 13 16
2 4 5 7 9 12 14 24
2 3 6 7 9 12 13 22
1 3 6 7 9 12 13 16
1 3 5 8 10 12 14 20
2 3 6 7 9 12 13 22
2 4 6 7 10 12 14 15
2 3 6 8 9 12 14 18
2 3 6 8 10 11 14 17
2 3 6 7 9 12 13 22
2 4 5 8 9 12 14 20
1 3 6 7 10 12 13 22
2 4 5 7 10 12 14 21
2 4 6 8 9 12 14 24
2 4 5 8 10 12 14 21
2 3 6 8 9 12 14 18
1 3 6 7 9 12 13 16
2 4 6 7 9 12 14 24
1 4 6 8 9 12 13 19
2 3 6 8 10 11 13 17
2 4 5 8 10 12 14 21
1 3 6 7 9 12 14 16
2 4 5 8 9 12 13 20
2 4 6 8 10 12 14 23
1 3 6 7 9 12 13 16
