3 7 11 20 22 25 26 28 31 40 41 47 51 55 60 61 63 66 71 73 80 88 89
3 9 19 20 22 25 26 28 37 39 42 47 49 55 60 61 63 66 71 72 81 82 89
3 9 17 20 22 25 26 28 35 40 41 47 51 55 59 61 63 66 71 73 81 88 89
3 7 14 20 22 25 26 28 36 40 41 47 51 54 59 61 63 66 71 72 80 88 89
4 10 18 20 23 25 26 28 36 40 41 44 48 55 60 61 63 66 71 75 79 86 90
4 7 17 20 22 25 26 28 37 40 41 47 51 53 59 61 63 66 71 72 81 88 89
3 7 17 20 22 25 26 28 35 40 41 47 51 54 60 61 63 66 71 73 81 88 89
4 9 17 21 23 25 26 28 38 39 42 46 49 52 57 61 63 65 70 76 78 88 90
5 10 14 21 22 25 27 28 36 39 47 51 55 60 61 63 67 71 76 77 82 89
5 9 11 21 23 25 26 29 32 40 46 50 55 60 61 63 66 68 76 80 88 90
4 10 14 20 23 25 26 28 36 40 41 44 48 55 60 61 63 66 71 75 79 82 90
5 9 19 21 22 25 27 29 38 39 42 45 49 52 57 61 64 66 68 76 78 83 90
4 10 11 21 23 25 26 29 32 40 46 51 55 60 61 63 66 68 76 80 88 90
5 9 11 21 23 25 26 29 32 40 46 51 54 59 61 63 66 68 76 80 88 90
3 10 17 21 23 25 26 29 32 40 47 50 55 59 61 63 66 68 76 80 88 90
3 10 14 20 23 25 26 28 37 40 41 44 48 55 60 61 63 66 71 75 79 82 90
4 9 17 21 23 25 26 29 32 40 46 50 55 60 61 63 66 68 76 80 85 90
4 7 14 21 23 25 26 28 34 39 41 46 50 52 59 61 63 66 70 75 80 88 90
4 7 11 20 22 25 26 28 35 40 41 47 51 53 59 61 63 66 71 73 81 88 89
5 10 11 21 23 25 26 29 32 40 47 51 54 60 61 63 66 68 76 80 88 90
4 7 11 21 22 25 27 29 37 39 41 47 51 55 56 61 63 66 68 76 80 83 89
3 9 11 20 22 25 26 28 35 40 41 47 51 54 59 61 63 66 71 72 81 88 89
1 10 19 20 22 25 26 28 30 39 42 47 51 55 60 61 63 66 71 73 77 82 89
3 7 17 20 22 25 26 28 31 40 41 47 51 55 59 61 63 66 71 72 80 88 89
3 7 18 21 22 25 27 28 30 40 43 47 51 55 60 61 63 66 68 72 77 82 89
1 9 18 20 22 25 26 28 30 39 42 47 51 55 60 61 63 66 71 73 79 82 89
4 7 18 21 22 25 27 28 36 40 43 47 51 55 60 61 63 66 68 73 77 82 89
3 10 14 20 23 25 26 28 33 40 41 47 51 55 60 61 63 66 71 75 80 82 90
3 9 17 21 23 25 26 29 32 40 47 50 55 60 61 63 66 68 76 80 83 90
5 10 17 21 23 25 26 29 32 40 47 51 55 59 61 63 66 68 76 80 88 90
4 10 14 21 22 25 27 28 36 40 43 44 51 55 60 61 63 66 68 72 77 82 89
4 7 14 20 22 25 26 28 31 40 41 47 51 54 58 61 63 66 71 72 80 88 89
5 10 11 21 23 25 26 29 32 40 46 51 55 59 61 63 66 68 76 80 83 90
3 10 16 21 23 25 26 29 36 39 41 47 51 55 60 61 63 66 71 73 80 88 90
3 10 11 21 22 25 27 28 36 40 43 47 48 55 60 61 63 66 68 73 79 82 89
3 7 14 20 22 25 26 28 36 40 41 47 51 53 58 61 63 66 71 72 80 88 89
3 9 11 20 22 25 26 28 37 39 42 47 49 55 60 61 63 66 71 72 81 82 89
3 10 16 21 23 25 27 29 35 39 41 47 51 55 60 61 63 66 71 73 80 88 90
4 9 17 20 22 25 26 28 35 40 41 47 51 53 59 61 63 66 71 73 80 88 89
3 10 18 21 23 25 27 29 36 39 41 47 51 55 60 61 63 66 71 72 79 88 90
1 7 14 21 22 25 27 28 37 39 46 51 55 60 61 63 67 71 76 79 82 89
4 9 11 20 22 25 26 28 37 39 42 47 49 55 60 61 63 66 71 72 79 85 89
4 9 11 20 22 25 26 28 36 39 42 47 49 55 60 61 63 66 71 73 79 82 89
3 10 18 21 22 25 27 28 36 40 43 47 48 55 60 61 63 66 68 73 77 82 89
4 9 17 20 22 25 26 28 31 40 41 47 51 53 58 61 63 66 71 73 80 88 89
3 7 11 21 22 25 27 28 30 40 43 44 51 55 60 61 63 66 68 73 79 82 89
3 7 14 20 22 25 26 28 35 40 41 47 51 54 60 61 63 66 71 73 81 88 89
3 10 11 21 22 24 26 28 35 39 47 51 53 58 61 62 66 71 74 80 83 89
4 10 11 20 22 25 26 28 37 39 47 51 53 58 61 63 67 68 76 78 87 89
3 9 17 21 23 25 26 29 32 40 47 50 55 60 61 63 66 68 76 80 88 90
4 9 14 20 22 25 26 28 36 40 41 47 51 54 60 61 63 66 71 73 81 88 89
3 7 17 20 22 25 26 28 36 40 41 47 51 53 58 61 63 66 71 73 80 88 89
3 7 19 21 23 25 26 28 34 39 41 46 50 52 56 61 63 66 70 75 81 82 90
3 10 18 20 23 25 26 28 37 40 41 44 48 55 60 61 63 66 71 75 80 86 90
3 7 19 21 23 25 26 28 34 39 41 46 50 52 57 61 63 66 70 75 80 82 90
1 10 18 21 22 25 27 28 36 39 46 51 55 60 61 63 67 71 76 79 82 89
3 7 19 21 23 25 26 28 36 39 41 46 50 52 57 61 63 66 70 75 80 82 90
4 7 14 20 22 25 26 28 37 40 41 47 51 55 58 61 63 66 71 73 80 88 89
4 9 17 20 22 25 26 28 37 40 41 47 51 55 60 61 63 66 71 73 81 88 89
4 9 14 21 23 25 26 28 36 39 41 46 50 54 56 61 63 66 70 75 81 88 90
3 7 11 20 22 25 26 28 31 40 41 47 51 54 60 61 63 66 71 73 81 88 89
4 7 17 20 22 25 26 28 35 40 41 47 51 55 59 61 63 66 71 73 80 88 89
5 7 11 21 22 25 26 29 37 39 46 49 55 56 61 63 66 68 76 80 88 90
3 10 18 20 23 25 26 29 37 39 43 47 51 55 60 61 63 66 71 72 80 82 90
4 7 11 20 22 25 26 28 31 40 41 47 51 53 59 61 63 66 71 73 80 88 89
4 7 17 20 22 25 26 28 31 40 41 47 51 53 59 61 63 66 71 72 80 88 89
4 9 15 21 22 25 26 29 35 39 47 48 55 60 61 63 66 69 75 80 88 89
5 9 11 21 23 25 26 29 32 40 47 51 54 60 61 63 66 68 76 80 83 90
4 7 14 20 22 25 26 28 31 40 41 47 51 55 58 61 63 66 71 72 81 88 89
4 9 11 21 23 25 26 29 32 40 47 51 55 59 61 63 66 68 76 80 88 90
4 7 19 20 22 25 27 29 36 40 41 47 51 55 60 61 63 66 71 73 80 88 89
4 10 17 21 23 25 26 29 32 40 46 51 54 59 61 63 66 68 76 80 88 90
3 10 14 21 22 25 27 28 30 40 43 47 48 55 60 61 63 66 68 72 79 82 89
4 10 11 20 23 25 26 29 31 39 43 47 51 55 60 61 63 66 71 73 80 86 90
4 10 11 21 23 25 26 29 32 40 46 50 55 60 61 63 66 68 76 80 83 90
3 9 11 20 22 25 26 28 37 40 41 47 51 54 59 61 63 66 71 73 81 88 89
3 9 14 20 22 25 26 28 31 40 41 47 51 54 59 61 63 66 71 72 80 88 89
3 7 19 21 23 25 26 28 34 39 41 46 50 54 59 61 63 66 70 75 80 85 90
3 7 19 21 23 25 26 28 33 39 41 46 50 52 56 61 63 66 70 75 80 88 90
5 9 11 21 23 25 26 29 32 40 46 50 54 60 61 63 66 68 76 80 88 90
3 10 17 21 23 25 26 29 32 40 46 51 54 59 61 63 66 68 76 80 88 90
4 9 11 20 22 25 26 28 36 39 42 47 49 55 60 61 63 66 71 73 81 85 89
3 10 14 21 22 25 27 28 30 40 43 47 51 55 60 61 63 66 68 72 79 82 89
4 9 19 21 23 25 26 28 33 39 41 46 50 52 56 61 63 66 70 75 80 82 90
3 9 14 21 23 25 26 28 36 39 41 46 50 54 59 61 63 66 70 75 80 82 90
5 9 11 21 23 25 26 29 32 40 47 50 54 59 61 63 66 68 76 80 85 90
4 9 11 20 23 25 26 29 36 39 43 47 51 55 60 61 63 66 71 72 80 86 90
5 10 11 21 23 25 26 29 32 40 46 50 55 59 61 63 66 68 76 80 85 90
4 9 15 21 22 25 26 29 33 39 47 48 55 60 61 63 66 69 75 81 88 89
3 9 19 21 23 25 26 28 33 39 41 46 50 52 59 61 63 66 70 75 80 85 90
3 10 18 21 22 25 27 28 31 40 43 44 48 55 60 61 63 66 68 73 79 82 89
3 7 14 21 23 25 26 28 34 39 41 46 50 54 56 61 63 66 70 75 80 88 90
4 7 11 20 22 25 26 28 37 40 41 47 51 53 60 61 63 66 71 73 80 88 89
3 9 14 21 23 25 26 28 33 39 41 46 50 52 59 61 63 66 70 75 80 88 90
3 9 17 20 22 25 26 28 35 40 41 47 51 53 58 61 63 66 71 72 80 88 89
4 10 18 21 22 25 27 28 36 40 43 44 48 55 60 61 63 66 68 73 77 82 89
4 7 19 21 23 25 26 28 36 39 41 46 50 54 59 61 63 66 70 75 80 88 90
4 9 11 21 23 25 26 29 32 40 47 51 54 60 61 63 66 68 76 80 88 90
3 7 14 21 23 25 26 28 34 39 41 46 50 52 56 61 63 66 70 75 81 82 90
4 10 14 21 22 25 27 28 33 40 43 47 48 55 60 61 63 66 68 73 77 82 89
4 10 12 20 23 25 26 28 33 40 41 47 51 55 60 61 63 66 71 75 79 82 90
4 7 14 21 22 25 27 28 31 40 43 47 51 55 60 61 63 66 68 72 77 82 89
3 7 11 20 22 25 26 28 37 40 41 47 51 55 59 61 63 66 71 72 81 88 89
4 7 18 21 22 25 27 28 36 40 43 44 48 55 60 61 63 66 68 72 79 82 89
3 9 11 20 22 25 26 28 36 40 41 47 51 53 58 61 63 66 71 72 81 88 89
3 9 17 21 23 25 26 29 32 40 46 50 55 60 61 63 66 68 76 80 83 90
4 9 17 20 22 25 26 28 35 40 41 47 51 54 58 61 63 66 71 73 81 88 89
4 10 17 21 23 25 26 29 32 40 46 50 55 60 61 63 66 68 76 80 88 90
3 10 17 21 23 25 26 29 32 40 47 51 55 60 61 63 66 68 76 80 85 90
3 10 11 21 23 25 26 29 32 40 47 51 54 60 61 63 66 68 76 80 83 90
4 7 11 20 22 25 26 28 37 40 41 47 51 55 60 61 63 66 71 72 81 88 89
3 7 19 21 23 25 26 28 34 39 41 46 50 52 59 61 63 66 70 75 80 88 90
3 7 18 21 22 25 27 28 30 40 43 47 51 55 60 61 63 66 68 72 79 82 89
3 7 17 20 22 25 26 28 35 40 41 47 51 55 58 61 63 66 71 72 80 88 89
4 10 16 20 22 25 26 28 34 39 41 47 51 55 60 61 63 67 71 75 80 84 90
4 9 17 20 22 25 26 28 37 40 41 47 51 53 58 61 63 66 71 73 80 88 89
5 9 17 21 23 25 26 29 32 40 46 50 55 60 61 63 66 68 76 80 85 90
3 9 17 21 23 25 26 29 32 40 47 51 55 59 61 63 66 68 76 80 85 90
3 10 18 21 23 25 26 29 31 39 41 47 51 55 60 61 63 66 71 72 79 88 90
5 10 18 21 22 25 27 28 36 39 46 51 55 60 61 63 67 71 76 77 82 89
3 7 14 21 23 25 26 28 34 39 41 46 50 52 56 61 63 66 70 75 81 85 90
4 7 17 20 22 25 26 28 31 40 41 47 51 55 60 61 63 66 71 72 80 88 89
4 9 11 21 23 25 26 29 32 40 46 51 55 59 61 63 66 68 76 80 83 90
3 9 17 20 22 25 26 28 35 40 41 47 51 55 59 61 63 66 71 73 80 88 89
4 9 11 20 23 25 26 29 36 39 43 47 51 55 60 61 63 66 71 73 79 82 90
3 7 18 21 23 25 27 29 35 39 41 47 51 55 60 61 63 66 71 73 80 88 90
4 10 17 21 23 25 26 29 32 40 46 50 55 59 61 63 66 68 76 80 88 90
4 7 11 20 22 25 26 28 35 40 41 47 51 54 58 61 63 66 71 72 81 88 89
3 10 19 20 22 25 26 28 37 39 42 47 51 55 60 61 63 66 71 73 77 82 89
3 7 14 21 23 25 26 28 36 39 41 46 50 54 59 61 63 66 70 75 81 88 90
4 9 11 20 23 25 26 29 30 39 43 47 51 55 60 61 63 66 71 73 79 82 90
3 9 17 21 23 25 26 29 32 40 47 50 55 59 61 63 66 68 76 80 88 90
4 9 17 21 23 25 26 29 32 40 47 51 55 59 61 63 66 68 76 80 83 90
3 9 19 20 22 25 26 28 37 39 42 47 49 55 60 61 63 66 71 73 79 82 89
3 9 17 21 23 25 26 29 32 40 46 51 54 60 61 63 66 68 76 80 85 90
3 10 11 21 23 25 26 29 32 40 46 51 55 60 61 63 66 68 76 80 85 90
4 10 18 20 23 25 26 29 36 39 43 47 51 55 60 61 63 66 71 72 79 82 90
3 10 18 21 22 25 27 28 30 40 43 44 51 55 60 61 63 66 68 72 77 82 89
3 10 17 21 23 25 26 29 32 40 47 50 55 59 61 63 66 68 76 80 85 90
4 7 11 20 22 25 26 28 37 40 41 47 51 55 58 61 63 66 71 72 80 88 89
1 10 18 21 22 25 27 28 36 39 46 50 55 60 61 63 67 71 76 79 82 89
4 7 18 20 22 25 27 29 36 40 41 47 51 55 60 61 63 66 71 73 80 88 89
3 9 19 21 23 25 26 28 34 39 41 46 50 54 57 61 63 66 70 75 81 88 90
4 10 18 20 23 25 26 28 33 40 41 44 48 55 60 61 63 66 71 75 80 86 90
4 9 11 21 23 25 26 29 32 40 46 50 55 59 61 63 66 68 76 80 85 90
3 10 11 21 23 25 26 29 32 40 46 50 54 59 61 63 66 68 76 80 85 90
1 10 18 20 22 25 26 28 30 39 42 47 51 55 60 61 63 66 71 72 79 82 89
4 9 14 21 23 25 26 28 36 39 41 46 50 52 59 61 63 66 70 75 80 85 90
3 9 18 20 22 25 26 28 30 39 42 47 51 55 60 61 63 66 71 72 79 84 89
3 7 14 20 22 25 26 28 35 40 41 47 51 54 59 61 63 66 71 73 81 88 89
4 9 14 20 22 25 26 28 31 40 41 47 51 54 60 61 63 66 71 72 81 88 89
3 9 14 20 22 25 26 28 31 40 41 47 51 54 60 61 63 66 71 72 81 88 89
4 10 12 20 22 25 26 28 37 39 41 47 51 55 60 61 63 67 71 75 80 84 90
5 10 11 21 23 25 26 29 32 40 47 51 54 60 61 63 66 68 76 80 85 90
3 9 17 21 23 25 26 29 32 40 47 51 54 60 61 63 66 68 76 80 85 90
3 9 11 21 23 25 26 29 32 40 47 51 54 60 61 63 66 68 76 80 88 90
4 10 14 21 22 25 27 28 31 40 43 47 51 55 60 61 63 66 68 72 79 82 89
3 10 14 21 22 25 27 28 36 40 43 47 48 55 60 61 63 66 68 73 77 82 89
4 9 14 21 23 25 26 28 34 39 41 46 50 52 56 61 63 66 70 75 81 88 90
3 7 14 20 22 25 26 28 37 40 41 47 51 53 59 61 63 66 71 72 81 88 89
3 9 14 20 22 25 26 28 37 40 41 47 51 54 60 61 63 66 71 73 81 88 89
3 9 18 20 22 25 26 28 37 39 42 47 51 55 60 61 63 66 71 73 79 84 89
3 9 11 21 23 25 26 29 32 40 46 50 55 60 61 63 66 68 76 80 83 90
3 10 14 21 22 25 27 28 30 40 43 44 51 55 60 61 63 66 68 73 77 82 89
3 9 11 20 23 25 26 29 31 39 43 47 51 55 60 61 63 66 71 73 79 86 90
5 9 17 21 23 25 26 29 32 40 46 51 54 59 61 63 66 68 76 80 83 90
3 7 14 20 22 25 26 28 36 40 41 47 51 55 58 61 63 66 71 73 80 88 89
3 7 14 20 22 25 26 28 35 40 41 47 51 55 58 61 63 66 71 73 81 88 89
3 10 19 20 22 25 26 28 34 39 42 47 51 55 60 61 63 66 71 72 79 84 89
5 10 11 21 23 25 26 29 32 40 47 50 55 59 61 63 66 68 76 80 85 90
3 9 14 21 23 25 26 28 36 39 41 46 50 52 57 61 63 66 70 75 81 82 90
4 7 14 20 22 25 26 28 31 40 41 47 51 54 60 61 63 66 71 72 81 88 89
3 10 14 20 23 25 26 28 37 40 41 47 51 55 60 61 63 66 71 75 80 82 90
4 9 17 21 23 25 26 29 32 40 46 50 55 60 61 63 66 68 76 80 88 90
4 10 14 20 23 25 26 28 33 40 41 47 48 55 60 61 63 66 71 75 79 86 90
3 7 17 20 22 25 26 28 37 40 41 47 51 53 60 61 63 66 71 72 81 88 89
4 10 18 21 22 25 27 28 36 40 43 44 51 55 60 61 63 66 68 72 79 82 89
5 10 16 20 22 25 26 28 37 39 47 51 53 58 61 63 67 68 76 78 87 89
4 9 17 20 22 25 26 28 37 40 41 47 51 55 60 61 63 66 71 73 80 88 89
4 9 11 21 23 25 26 29 32 40 47 51 55 60 61 63 66 68 76 80 83 90
4 7 18 21 22 25 27 28 30 40 43 47 51 55 60 61 63 66 68 73 79 82 89
3 7 14 20 22 25 26 28 36 40 41 47 51 55 60 61 63 66 71 73 81 88 89
3 7 14 20 22 25 26 28 31 40 41 47 51 54 59 61 63 66 71 73 81 88 89
5 10 17 21 23 25 26 29 32 40 47 50 54 59 61 63 66 68 76 80 88 90
4 9 17 21 23 25 26 29 32 40 47 50 54 59 61 63 66 68 76 80 83 90
4 9 11 21 23 25 26 29 32 40 47 50 54 60 61 63 66 68 76 80 88 90
1 10 11 21 22 24 26 28 35 39 47 51 53 58 61 62 66 71 74 78 83 89
3 10 17 21 23 25 26 29 32 40 46 50 55 60 61 63 66 68 76 80 88 90
5 10 14 21 22 25 27 28 36 39 47 50 55 60 61 63 67 71 76 77 82 89
3 10 18 20 22 25 26 28 30 39 42 47 51 55 60 61 63 66 71 72 79 82 89
3 10 18 21 22 25 27 28 30 40 43 47 48 55 60 61 63 66 68 72 77 82 89
3 9 17 20 22 25 26 28 35 40 41 47 51 54 60 61 63 66 71 72 80 88 89
3 10 11 21 22 25 27 28 33 40 43 44 51 55 60 61 63 66 68 72 79 82 89
3 9 17 21 23 25 26 29 32 40 47 51 55 59 61 63 66 68 76 80 88 90
3 7 14 21 23 25 26 28 34 39 41 46 50 52 57 61 63 66 70 75 80 85 90
5 10 17 21 23 25 26 29 32 40 47 50 54 59 61 63 66 68 76 80 83 90
3 9 11 21 23 25 26 29 32 40 47 50 55 60 61 63 66 68 76 80 85 90
3 9 17 20 22 25 26 28 31 40 41 47 51 55 59 61 63 66 71 72 81 88 89
1 10 18 20 22 25 26 28 37 39 42 47 51 55 60 61 63 66 71 73 79 84 89
4 9 14 21 23 25 26 28 36 39 41 46 50 52 59 61 63 66 70 75 80 88 90
3 9 17 20 22 25 26 28 37 40 41 47 51 54 60 61 63 66 71 73 81 88 89
3 10 11 21 23 25 26 29 32 40 47 50 54 59 61 63 66 68 76 80 85 90
3 10 17 21 23 25 26 29 32 40 47 51 54 59 61 63 66 68 76 80 88 90
3 10 11 21 23 25 26 29 32 40 47 50 54 60 61 63 66 68 76 80 88 90
4 9 14 21 23 25 26 28 33 39 41 46 50 52 59 61 63 66 70 75 81 88 90
3 9 19 21 23 25 26 28 36 39 41 46 50 52 57 61 63 66 70 75 80 85 90
3 9 19 21 23 25 26 28 36 39 41 46 50 52 56 61 63 66 70 75 80 88 90
4 10 17 21 23 25 26 29 32 40 47 51 55 59 61 63 66 68 76 80 85 90
4 9 17 20 22 25 26 28 37 40 41 47 51 55 59 61 63 66 71 73 81 88 89
3 7 17 20 22 25 26 28 31 40 41 47 51 55 58 61 63 66 71 72 81 88 89
4 7 14 20 22 25 26 28 31 40 41 47 51 53 60 61 63 66 71 73 80 88 89
3 7 14 21 23 25 26 28 33 39 41 46 50 52 59 61 63 66 70 75 80 88 90
3 10 14 21 23 25 26 29 34 39 41 47 51 55 60 61 63 66 71 72 79 88 90
4 9 19 21 23 25 26 28 36 39 41 46 50 52 57 61 63 66 70 75 80 88 90
3 10 11 21 23 25 26 29 32 40 46 50 54 59 61 63 66 68 76 80 83 90
3 9 17 21 23 25 26 29 32 40 47 50 54 60 61 63 66 68 76 80 88 90
3 7 16 21 23 25 26 29 34 39 41 47 51 55 60 61 63 66 71 72 80 88 90
4 9 11 20 22 25 26 28 37 39 42 47 49 55 60 61 63 66 71 73 81 82 89
3 10 11 21 22 25 27 28 33 40 43 47 51 55 60 61 63 66 68 73 79 82 89
3 7 19 21 23 25 26 28 36 39 41 46 50 54 56 61 63 66 70 75 80 82 90
3 10 11 21 22 25 27 28 30 40 43 44 48 55 60 61 63 66 68 72 77 82 89
4 9 17 21 23 25 26 29 32 40 47 50 55 60 61 63 66 68 76 80 88 90
3 9 11 21 23 25 26 29 32 40 46 51 54 59 61 63 66 68 76 80 85 90
3 7 11 20 22 25 26 28 31 40 41 47 51 55 59 61 63 66 71 72 80 88 89
4 9 14 20 22 25 26 28 31 40 41 47 51 55 59 61 63 66 71 72 81 88 89
4 10 11 21 23 25 26 29 32 40 46 50 54 59 61 63 66 68 76 80 88 90
3 10 11 21 23 25 26 29 32 40 47 51 55 60 61 63 66 68 76 80 83 90
3 7 11 20 22 25 26 28 37 40 41 47 51 53 59 61 63 66 71 73 80 88 89
3 7 14 21 23 25 26 28 36 39 41 46 50 54 59 61 63 66 70 75 80 82 90
3 9 11 21 23 25 26 29 32 40 47 50 54 59 61 63 66 68 76 80 83 90
3 10 18 20 23 25 26 28 37 40 41 47 48 55 60 61 63 66 71 75 79 82 90
3 7 18 21 23 25 27 29 35 39 41 47 51 55 60 61 63 66 71 72 79 88 90
4 9 19 20 22 25 26 28 31 39 42 47 49 55 60 61 63 66 71 73 79 82 89
3 9 17 20 22 25 26 28 37 40 41 47 51 53 60 61 63 66 71 72 80 88 89
3 9 11 20 23 25 26 29 31 39 43 47 51 55 60 61 63 66 71 73 80 82 90
4 10 18 21 22 25 27 28 31 40 43 47 48 55 60 61 63 66 68 73 79 82 89
3 7 19 21 23 25 26 28 33 39 41 46 50 54 56 61 63 66 70 75 81 85 90
5 9 11 20 22 25 26 28 35 39 47 51 55 60 61 63 67 68 76 78 87 89
3 7 11 20 22 25 26 28 31 40 41 47 51 55 58 61 63 66 71 72 81 88 89
5 9 11 21 23 25 26 29 32 40 47 51 54 60 61 63 66 68 76 80 83 90
4 9 14 20 22 25 26 28 35 40 41 47 51 54 58 61 63 66 71 72 81 88 89
4 9 11 20 22 25 26 28 36 40 41 47 51 55 59 61 63 66 71 72 80 88 89
4 9 19 21 23 25 26 28 34 39 41 46 50 52 57 61 63 66 70 75 81 82 90
4 9 11 20 22 25 26 28 37 39 47 51 53 60 61 63 67 68 76 78 87 89
4 9 11 21 23 25 26 29 32 40 47 51 54 59 61 63 66 68 76 80 85 90
3 9 19 21 23 25 26 28 36 39 41 46 50 52 56 61 63 66 70 75 81 85 90
3 9 14 20 22 25 26 28 35 40 41 47 51 55 59 61 63 66 71 72 80 88 89
3 10 18 20 22 25 26 28 30 39 42 47 51 55 60 61 63 66 71 73 77 82 89
5 7 13 21 22 25 27 29 37 39 41 44 51 55 56 61 63 66 68 76 80 83 89
5 7 14 21 22 25 27 28 37 39 47 50 55 60 61 63 67 71 76 79 82 89
3 7 11 21 22 25 27 28 31 40 43 44 51 55 60 61 63 66 68 73 79 82 89
3 10 11 21 23 25 26 29 32 40 47 51 54 59 61 63 66 68 76 80 83 90
5 9 17 21 23 25 26 29 32 40 47 50 54 59 61 63 66 68 76 80 88 90
4 7 11 21 22 25 26 29 37 39 46 49 55 57 61 63 66 68 76 80 88 90
4 9 11 20 22 25 26 28 37 40 41 47 51 55 59 61 63 66 71 72 81 88 89
3 7 14 20 22 25 26 28 35 40 41 47 51 53 59 61 63 66 71 73 81 88 89
3 7 14 21 23 25 27 29 36 39 41 47 51 55 60 61 63 66 71 73 79 88 90
4 10 12 20 23 25 26 28 36 40 41 47 48 55 60 61 63 66 71 75 80 86 90
3 9 14 20 22 25 26 28 37 40 41 47 51 54 59 61 63 66 71 72 80 88 89
3 9 17 20 22 25 26 28 36 40 41 47 51 54 60 61 63 66 71 72 81 88 89
3 10 18 21 22 25 27 28 36 40 43 44 48 55 60 61 63 66 68 73 77 82 89
3 10 11 21 23 25 26 29 32 40 46 50 54 60 61 63 66 68 76 80 83 90
5 10 17 21 23 25 26 29 32 40 46 50 54 60 61 63 66 68 76 80 88 90
1 9 16 20 22 25 26 28 32 39 41 47 51 55 60 61 63 67 71 75 80 84 90
4 10 12 20 22 25 26 28 37 39 41 47 51 55 60 61 63 67 71 75 80 82 90
4 10 17 21 23 25 26 29 32 40 46 50 54 60 61 63 66 68 76 80 85 90
4 10 11 21 22 24 26 28 35 39 47 51 53 58 61 62 66 71 74 80 83 89
3 10 18 20 22 25 26 28 37 39 42 47 51 55 60 61 63 66 71 73 79 84 89
1 7 14 21 22 25 27 28 37 39 46 50 55 60 61 63 67 71 76 77 82 89
4 10 11 20 22 25 26 28 35 39 47 51 55 58 61 63 67 68 76 78 87 89
6 7 14 21 22 25 26 29 34 39 43 47 51 55 60 61 63 66 71 72 81 86 89
3 7 19 21 23 25 26 28 36 39 41 46 50 52 57 61 63 66 70 75 81 82 90
3 9 11 21 23 25 26 29 32 40 47 50 54 59 61 63 66 68 76 80 85 90
3 7 14 21 23 25 26 28 36 39 41 46 50 54 56 61 63 66 70 75 81 82 90
3 9 11 20 22 25 26 28 36 40 41 47 51 55 58 61 63 66 71 72 81 88 89
3 9 11 20 22 25 26 28 36 39 42 47 49 55 60 61 63 66 71 73 79 85 89
4 9 14 21 23 25 26 28 34 39 41 46 50 52 56 61 63 66 70 75 81 82 90
4 9 11 21 23 25 26 29 32 40 46 51 54 60 61 63 66 68 76 80 85 90
3 7 14 21 22 25 27 28 31 40 43 44 48 55 60 61 63 66 68 73 79 82 89
3 9 19 20 22 25 26 28 36 39 42 47 49 55 60 61 63 66 71 72 79 85 89
3 10 18 20 23 25 26 28 37 40 41 47 51 55 60 61 63 66 71 75 79 86 90
1 10 14 21 22 25 27 28 37 39 47 51 55 60 61 63 67 71 76 77 82 89
4 9 19 21 23 25 26 28 34 39 41 46 50 52 56 61 63 66 70 75 80 88 90
3 10 14 20 23 25 26 28 33 40 41 47 51 55 60 61 63 66 71 75 79 82 90
3 10 18 20 22 25 26 28 34 39 42 47 51 55 60 61 63 66 71 72 77 84 89
4 10 11 21 22 25 27 28 33 40 43 47 51 55 60 61 63 66 68 73 77 82 89
4 7 19 21 23 25 26 28 33 39 41 46 50 54 56 61 63 66 70 75 80 85 90
5 10 11 21 23 25 26 29 32 40 47 50 54 59 61 63 66 68 76 80 83 90
3 7 16 21 23 25 27 29 36 39 41 47 51 55 60 61 63 66 71 73 80 88 90
4 9 11 20 22 25 26 28 35 40 41 47 51 53 58 61 63 66 71 72 81 88 89
4 7 11 20 22 25 26 28 36 40 41 47 51 55 59 61 63 66 71 73 80 88 89
4 9 19 21 23 25 26 28 34 39 41 46 50 52 59 61 63 66 70 75 80 88 90
1 9 19 21 22 25 27 29 38 39 42 45 49 52 57 61 64 66 68 76 78 83 90
3 7 19 21 23 25 26 28 34 39 41 46 50 52 59 61 63 66 70 75 81 88 90
3 9 18 20 22 25 26 28 37 39 42 47 51 55 60 61 63 66 71 73 77 82 89
3 7 14 21 23 25 26 29 31 39 41 47 51 55 60 61 63 66 71 73 79 88 90
4 10 16 20 22 25 26 28 37 39 47 51 55 58 61 63 67 68 76 78 87 89
4 9 19 21 23 25 26 28 34 39 41 46 50 52 57 61 63 66 70 75 80 85 90
4 7 17 20 22 25 26 28 31 40 41 47 51 53 59 61 63 66 71 73 80 88 89
3 9 17 21 23 25 26 29 32 40 46 51 55 59 61 63 66 68 76 80 85 90
4 7 14 21 23 25 26 28 33 39 41 46 50 52 56 61 63 66 70 75 80 85 90
6 7 14 21 22 25 26 29 30 39 43 47 51 55 60 61 63 66 71 72 81 86 89
3 10 14 21 22 25 27 28 36 40 43 47 51 55 60 61 63 66 68 73 79 82 89
3 7 14 21 23 25 26 28 34 39 41 46 50 52 57 61 63 66 70 75 80 88 90
3 10 14 20 23 25 26 28 36 40 41 44 48 55 60 61 63 66 71 75 79 82 90
3 9 14 20 22 25 26 28 37 40 41 47 51 55 59 61 63 66 71 73 81 88 89
4 7 11 20 22 25 26 28 35 40 41 47 51 53 60 61 63 66 71 73 81 88 89
3 9 17 20 22 25 26 28 37 40 41 47 51 55 59 61 63 66 71 72 80 88 89
4 7 14 21 23 25 26 28 33 39 41 46 50 54 56 61 63 66 70 75 81 82 90
3 10 18 21 23 25 26 29 35 39 41 47 51 55 60 61 63 66 71 72 79 88 90
5 9 11 21 23 25 26 29 32 40 47 51 55 59 61 63 66 68 76 80 83 90
4 7 19 21 23 25 26 28 33 39 41 46 50 52 59 61 63 66 70 75 80 82 90
6 7 11 21 22 25 26 29 30 39 43 47 51 55 60 61 63 66 71 73 81 86 89
4 7 14 21 23 25 26 28 34 39 41 46 50 54 59 61 63 66 70 75 80 82 90
3 7 14 21 23 25 26 28 36 39 41 46 50 52 57 61 63 66 70 75 81 88 90
4 9 14 21 23 25 26 28 34 39 41 46 50 52 59 61 63 66 70 75 81 88 90
4 10 12 20 23 25 26 28 36 40 41 47 51 55 60 61 63 66 71 75 79 86 90
3 9 11 20 22 25 26 28 35 40 41 47 51 54 59 61 63 66 71 73 80 88 89
5 9 12 20 22 25 26 28 37 39 47 51 53 58 61 63 67 68 76 78 87 89
3 9 14 20 22 25 26 28 31 40 41 47 51 55 58 61 63 66 71 72 80 88 89
4 9 14 21 23 25 26 28 36 39 41 46 50 52 59 61 63 66 70 75 80 85 90
3 9 11 20 22 25 26 28 37 39 47 51 55 58 61 63 67 68 76 78 87 89
4 7 14 21 22 25 27 28 31 40 43 44 51 55 60 61 63 66 68 73 77 82 89
5 10 17 21 23 25 26 29 32 40 47 51 55 59 61 63 66 68 76 80 83 90
4 10 11 21 22 25 27 28 36 40 43 47 51 55 60 61 63 66 68 72 79 82 89
4 7 14 20 22 25 26 28 37 40 41 47 51 53 59 61 63 66 71 72 81 88 89
5 9 11 21 23 25 26 29 32 40 46 50 54 59 61 63 66 68 76 80 88 90
3 10 11 21 22 24 26 28 38 39 47 51 53 58 61 62 66 71 74 78 83 89
3 10 17 21 23 25 26 29 32 40 47 50 54 59 61 63 66 68 76 80 83 90
3 10 16 21 23 25 27 29 36 39 41 47 51 55 60 61 63 66 71 73 80 88 90
4 9 17 20 22 25 26 28 35 40 41 47 51 53 58 61 63 66 71 73 80 88 89
4 9 14 20 22 25 26 28 37 40 41 47 51 53 59 61 63 66 71 72 81 88 89
4 9 11 21 23 25 26 29 32 40 46 50 55 60 61 63 66 68 76 80 88 90
4 9 11 20 22 25 26 28 31 39 42 47 49 55 60 61 63 66 71 72 81 85 89
3 7 11 21 22 25 27 28 30 40 43 47 48 55 60 61 63 66 68 72 77 82 89
3 9 11 21 23 25 26 29 32 40 46 51 55 59 61 63 66 68 76 80 83 90
5 9 17 21 23 25 26 29 32 40 46 51 55 59 61 63 66 68 76 80 83 90
4 9 14 20 22 25 26 28 35 40 41 47 51 55 58 61 63 66 71 73 80 88 89
3 7 18 21 22 25 27 28 37 39 46 51 55 60 61 63 67 71 76 79 82 89
3 9 19 20 22 25 26 28 31 39 42 47 49 55 60 61 63 66 71 72 81 82 89
4 9 17 21 23 25 26 29 32 40 46 50 54 59 61 63 66 68 76 80 85 90
4 9 11 20 22 25 26 28 35 40 41 47 51 54 58 61 63 66 71 72 80 88 89
3 10 18 21 22 25 27 28 33 40 43 47 48 55 60 61 63 66 68 72 79 82 89
3 7 19 21 23 25 26 28 33 39 41 46 50 52 59 61 63 66 70 75 81 88 90
1 10 19 20 22 25 26 28 31 39 42 47 51 55 60 61 63 66 71 72 77 84 89
3 7 17 20 22 25 26 28 31 40 41 47 51 53 60 61 63 66 71 73 81 88 89
3 10 17 21 23 25 26 29 32 40 46 50 55 59 61 63 66 68 76 80 85 90
3 10 18 20 23 25 26 29 30 39 43 47 51 55 60 61 63 66 71 73 80 86 90
4 7 18 21 22 25 27 28 31 40 43 44 51 55 60 61 63 66 68 72 77 82 89
4 9 17 20 22 25 26 28 37 40 41 47 51 53 59 61 63 66 71 73 80 88 89
3 10 11 21 22 25 27 28 31 40 43 47 48 55 60 61 63 66 68 73 79 82 89
3 9 11 20 22 25 26 28 37 40 41 47 51 54 58 61 63 66 71 73 81 88 89
5 10 17 21 23 25 26 29 32 40 47 51 54 60 61 63 66 68 76 80 83 90
3 7 19 21 23 25 26 28 34 39 41 46 50 52 56 61 63 66 70 75 80 82 90
4 10 11 21 23 25 26 29 32 40 47 51 55 59 61 63 66 68 76 80 85 90
4 9 11 20 22 25 26 28 36 40 41 47 51 53 60 61 63 66 71 72 80 88 89
5 10 11 21 23 25 26 29 32 40 47 50 55 60 61 63 66 68 76 80 83 90
3 9 14 20 22 25 26 28 35 40 41 47 51 53 60 61 63 66 71 72 81 88 89
5 10 18 21 22 25 27 28 34 39 46 51 55 60 61 63 67 71 76 79 82 89
4 9 14 20 22 25 26 28 31 40 41 47 51 55 58 61 63 66 71 72 81 88 89
3 10 14 21 22 25 27 28 36 40 43 44 48 55 60 61 63 66 68 73 77 82 89
3 10 14 21 23 25 26 29 36 39 41 47 51 55 60 61 63 66 71 72 79 88 90
3 10 11 21 23 25 26 29 32 40 46 51 55 59 61 63 66 68 76 80 85 90
4 7 14 21 23 25 26 28 34 39 41 46 50 52 56 61 63 66 70 75 80 85 90
3 9 19 21 23 25 26 28 33 39 41 46 50 52 56 61 63 66 70 75 80 82 90
5 7 18 21 22 25 27 28 34 39 46 51 55 60 61 63 67 71 76 79 82 89
4 7 14 21 22 25 26 29 31 39 43 47 51 55 60 61 63 66 71 73 80 86 89
3 7 16 21 23 25 27 29 35 39 41 47 51 55 60 61 63 66 71 73 79 88 90
4 9 18 20 22 25 26 28 34 39 41 47 51 55 60 61 63 67 71 75 80 82 90
5 7 18 21 22 25 27 28 37 39 46 51 55 60 61 63 67 71 76 79 82 89
1 10 19 20 22 25 26 28 30 39 42 47 51 55 60 61 63 66 71 72 77 84 89
3 9 19 21 23 25 26 28 33 39 41 46 50 52 56 61 63 66 70 75 81 82 90
3 7 14 21 23 25 26 28 34 39 41 46 50 52 57 61 63 66 70 75 80 82 90
3 9 19 20 22 25 26 28 36 39 42 47 49 55 60 61 63 66 71 72 81 82 89
5 10 11 21 23 25 26 29 32 40 46 51 55 59 61 63 66 68 76 80 83 90
4 10 11 21 23 25 26 29 32 40 46 51 55 59 61 63 66 68 76 80 85 90
5 10 17 21 23 25 26 29 32 40 46 51 55 60 61 63 66 68 76 80 83 90
1 9 18 20 22 25 27 29 37 39 41 47 51 55 60 61 63 66 71 76 78 83 90
4 9 19 21 23 25 26 28 34 39 41 46 50 52 57 61 63 66 70 75 81 88 90
3 9 11 21 23 25 26 29 32 40 46 51 54 59 61 63 66 68 76 80 88 90
3 10 18 20 23 25 26 28 33 40 41 47 51 55 60 61 63 66 71 75 80 86 90
3 9 11 20 22 25 26 28 37 39 42 47 49 55 60 61 63 66 71 73 79 82 89
3 7 14 20 22 25 26 28 37 40 41 47 51 54 58 61 63 66 71 72 80 88 89
4 10 11 21 23 25 26 29 32 40 46 51 55 60 61 63 66 68 76 80 85 90
5 9 17 21 23 25 26 29 32 40 47 50 55 59 61 63 66 68 76 80 85 90
1 9 19 20 22 25 26 28 34 39 42 47 51 55 60 61 63 66 71 72 79 84 89
3 7 14 21 22 25 27 28 36 40 43 47 48 55 60 61 63 66 68 72 79 82 89
4 9 17 20 22 25 26 28 37 40 41 47 51 54 60 61 63 66 71 73 81 88 89
3 10 11 21 23 25 26 29 32 40 46 50 54 59 61 63 66 68 76 80 85 90
3 7 14 21 22 25 27 28 30 40 43 47 51 55 60 61 63 66 68 73 79 82 89
5 10 12 20 22 25 26 28 37 39 47 51 55 58 61 63 67 68 76 78 87 89
3 7 14 20 22 25 26 28 37 40 41 47 51 54 59 61 63 66 71 72 81 88 89
4 10 14 20 23 25 26 28 33 40 41 44 51 55 60 61 63 66 71 75 80 82 90
4 7 18 21 22 25 27 28 30 40 43 44 51 55 60 61 63 66 68 73 79 82 89
3 9 17 20 22 25 26 28 31 40 41 47 51 55 59 61 63 66 71 72 80 88 89
3 10 17 21 23 25 26 29 32 40 47 51 54 59 61 63 66 68 76 80 88 90
3 9 19 21 23 25 26 28 33 39 41 46 50 52 57 61 63 66 70 75 81 82 90
3 7 14 21 22 25 27 28 33 40 43 47 51 55 60 61 63 66 68 72 77 82 89
3 9 19 21 23 25 26 28 33 39 41 46 50 52 57 61 63 66 70 75 80 88 90
3 9 11 21 22 25 27 29 37 39 41 44 51 55 56 61 63 66 68 76 80 83 89
1 10 18 21 22 25 27 28 37 39 47 51 55 60 61 63 67 71 76 79 82 89
4 9 17 21 23 25 26 29 32 40 47 50 55 60 61 63 66 68 76 80 85 90
3 9 18 20 23 25 26 29 37 39 43 47 51 55 60 61 63 66 71 73 80 82 90
5 7 11 21 22 25 27 29 37 39 41 47 48 55 56 61 63 66 68 76 80 83 89
3 10 18 20 22 25 26 28 34 39 42 47 51 55 60 61 63 66 71 72 79 82 89
4 7 19 21 23 25 26 28 33 39 41 46 50 54 57 61 63 66 70 75 81 85 90
4 9 19 21 23 25 26 28 36 39 41 46 50 52 57 61 63 66 70 75 80 85 90
4 9 13 21 23 25 26 28 38 39 42 46 49 52 57 61 63 65 70 76 78 88 90
3 9 14 21 23 25 26 28 34 39 41 46 50 52 59 61 63 66 70 75 80 88 90
5 7 18 21 22 25 27 28 34 39 46 50 55 60 61 63 67 71 76 79 82 89
4 9 11 20 22 25 26 28 37 39 42 47 49 55 60 61 63 66 71 72 81 85 89
5 10 14 21 22 25 27 28 37 39 46 50 55 60 61 63 67 71 76 77 82 89
3 9 11 21 23 25 26 29 32 40 47 50 55 60 61 63 66 68 76 80 83 90
3 7 11 20 22 25 26 28 37 40 41 47 51 54 60 61 63 66 71 72 80 88 89
5 10 11 21 22 24 26 28 38 39 47 51 53 58 61 62 66 71 74 78 83 89
4 9 14 21 23 25 26 28 34 39 41 46 50 54 59 61 63 66 70 75 81 85 90
4 9 19 20 22 25 26 28 36 39 42 47 49 55 60 61 63 66 71 73 79 82 89
5 9 11 21 23 25 26 29 32 40 46 51 54 60 61 63 66 68 76 80 88 90
3 10 17 21 23 25 26 29 32 40 47 51 54 59 61 63 66 68 76 80 85 90
4 10 18 20 23 25 26 28 36 40 41 47 51 55 60 61 63 66 71 75 79 86 90
4 9 19 21 23 25 26 28 34 39 41 46 50 54 59 61 63 66 70 75 81 85 90
3 9 11 20 23 25 26 29 31 39 43 47 51 55 60 61 63 66 71 73 80 86 90
4 7 14 21 23 25 26 28 34 39 41 46 50 52 56 61 63 66 70 75 81 82 90
3 9 14 20 22 25 26 28 36 40 41 47 51 55 58 61 63 66 71 72 80 88 89
3 9 19 20 22 25 26 28 31 39 42 47 51 55 60 61 63 66 71 72 79 84 89
3 9 11 20 23 25 26 29 37 39 43 47 51 55 60 61 63 66 71 73 80 86 90
4 10 17 20 22 25 26 28 37 39 47 51 53 60 61 63 67 68 76 78 87 89
5 7 14 21 22 25 27 28 37 39 46 51 55 60 61 63 67 71 76 77 82 89
4 10 17 21 23 25 26 29 32 40 47 51 54 59 61 63 66 68 76 80 85 90
4 7 14 21 23 25 26 28 33 39 41 46 50 52 59 61 63 66 70 75 80 85 90
5 10 11 21 23 25 26 29 32 40 46 50 55 60 61 63 66 68 76 80 88 90
3 7 14 21 23 25 26 28 36 39 41 46 50 52 59 61 63 66 70 75 80 85 90
3 9 14 21 23 25 26 28 33 39 41 46 50 54 57 61 63 66 70 75 81 85 90
3 7 14 20 22 25 26 28 35 40 41 47 51 54 58 61 63 66 71 73 81 88 89
3 9 11 20 22 25 26 28 36 40 41 47 51 53 60 61 63 66 71 73 81 88 89
4 9 15 21 22 25 26 29 36 39 47 48 55 60 61 63 66 69 75 81 88 89
3 10 19 20 22 25 26 28 34 39 42 47 51 55 60 61 63 66 71 73 79 84 89
1 9 19 20 22 25 26 28 31 39 42 47 51 55 60 61 63 66 71 73 79 84 89
4 9 14 21 23 25 26 28 34 39 41 46 50 52 59 61 63 66 70 75 80 82 90
3 9 19 20 22 25 26 28 37 39 42 47 51 55 60 61 63 66 71 73 77 82 89
5 10 14 21 22 25 27 28 37 39 47 51 55 60 61 63 67 71 76 79 82 89
4 10 18 21 22 25 27 28 36 40 43 44 48 55 60 61 63 66 68 72 79 82 89
3 9 11 21 23 25 26 29 32 40 47 50 54 59 61 63 66 68 76 80 85 90
3 9 14 21 23 25 26 28 34 39 41 46 50 54 56 61 63 66 70 75 80 85 90
4 10 12 20 23 25 26 28 33 40 41 47 48 55 60 61 63 66 71 75 79 86 90
3 7 11 20 22 25 26 28 36 40 41 47 51 54 58 61 63 66 71 73 80 88 89
4 10 18 20 23 25 26 28 37 40 41 44 51 55 60 61 63 66 71 75 80 86 90
4 7 14 20 22 25 26 28 36 40 41 47 51 54 60 61 63 66 71 73 80 88 89
1 10 11 21 22 24 26 28 38 39 47 51 53 58 61 62 66 71 73 80 83 89
4 10 18 20 23 25 26 29 31 39 43 47 51 55 60 61 63 66 71 73 79 86 90
1 9 18 20 22 25 26 28 30 39 42 47 51 55 60 61 63 66 71 73 77 82 89
3 10 11 21 23 25 26 29 32 40 47 50 54 59 61 63 66 68 76 80 88 90
3 7 14 21 22 25 27 28 36 40 43 47 48 55 60 61 63 66 68 73 77 82 89
3 9 14 20 22 25 26 28 31 40 41 47 51 55 59 61 63 66 71 72 81 88 89
3 9 11 20 22 25 26 28 36 39 42 47 49 55 60 61 63 66 71 73 79 82 89
3 9 14 21 23 25 26 28 34 39 41 46 50 54 59 61 63 66 70 75 80 88 90
1 7 14 21 22 25 27 28 36 39 47 50 55 60 61 63 67 71 76 79 82 89
3 9 17 20 22 25 26 28 35 40 41 47 51 55 60 61 63 66 71 73 81 88 89
3 9 11 20 22 25 26 28 36 40 41 47 51 54 58 61 63 66 71 72 80 88 89
4 7 18 21 22 25 27 28 33 40 43 47 48 55 60 61 63 66 68 73 77 82 89
3 7 14 21 23 25 26 28 36 39 41 46 50 52 59 61 63 66 70 75 81 88 90
3 10 11 21 23 25 26 29 32 40 47 51 55 59 61 63 66 68 76 80 85 90
3 9 11 21 23 25 26 29 32 40 47 50 55 59 61 63 66 68 76 80 83 90
4 10 17 21 23 25 26 29 32 40 46 50 54 59 61 63 66 68 76 80 88 90
5 10 17 20 22 25 26 28 35 39 47 51 55 60 61 63 67 68 76 78 87 89
4 10 11 21 22 25 26 28 37 39 41 45 49 52 56 61 63 67 71 76 81 88 89
3 10 11 20 23 25 26 29 37 39 43 47 51 55 60 61 63 66 71 73 79 86 90
4 7 11 20 22 25 26 28 36 40 41 47 51 54 59 61 63 66 71 73 80 88 89
3 9 14 21 23 25 26 28 34 39 41 46 50 52 57 61 63 66 70 75 80 88 90
4 9 19 21 23 25 26 28 34 39 41 46 50 54 57 61 63 66 70 75 81 88 90
3 7 17 20 22 25 26 28 35 40 41 47 51 54 58 61 63 66 71 72 81 88 89
4 10 12 20 23 25 26 28 36 40 41 44 48 55 60 61 63 66 71 75 79 82 90
1 9 19 20 22 25 26 28 34 39 42 47 51 55 60 61 63 66 71 72 77 82 89
3 9 17 21 23 25 26 29 32 40 46 51 55 60 61 63 66 68 76 80 85 90
3 10 17 21 23 25 26 29 32 40 46 50 54 60 61 63 66 68 76 80 88 90
4 10 14 21 22 25 27 28 36 40 43 44 51 55 60 61 63 66 68 73 79 82 89
4 7 18 21 22 25 27 28 36 40 43 44 51 55 60 61 63 66 68 73 79 82 89
4 10 14 21 22 25 27 28 36 40 43 44 48 55 60 61 63 66 68 73 77 82 89
5 10 17 21 23 25 26 29 32 40 46 51 55 59 61 63 66 68 76 80 88 90
3 7 14 20 22 25 26 28 31 40 41 47 51 55 59 61 63 66 71 72 80 88 89
4 10 17 21 23 25 26 29 32 40 46 50 54 60 61 63 66 68 76 80 88 90
4 10 17 21 23 25 26 29 32 40 47 50 55 60 61 63 66 68 76 80 83 90
4 9 14 21 23 25 26 28 36 39 41 46 50 52 59 61 63 66 70 75 80 82 90
3 9 17 20 22 25 26 28 35 39 47 51 53 60 61 63 67 68 76 78 87 89
5 9 11 21 23 25 26 29 32 40 46 51 54 60 61 63 66 68 76 80 85 90
3 10 18 21 22 25 27 28 34 39 47 50 55 60 61 63 67 71 76 79 82 89
3 9 18 20 22 25 26 28 31 39 42 47 51 55 60 61 63 66 71 72 79 84 89
3 9 14 20 22 25 26 28 31 40 41 47 51 55 58 61 63 66 71 73 80 88 89
4 10 17 21 23 25 26 29 32 40 46 50 55 60 61 63 66 68 76 80 83 90
3 10 11 21 22 24 26 28 38 39 47 51 53 58 61 62 66 71 74 78 83 89
4 9 14 21 23 25 26 28 36 39 41 46 50 52 59 61 63 66 70 75 81 85 90
4 9 19 21 23 25 26 28 36 39 41 46 50 52 59 61 63 66 70 75 81 88 90
3 9 18 20 23 25 26 29 36 39 43 47 51 55 60 61 63 66 71 73 80 82 90
4 7 14 20 22 25 26 28 36 40 41 47 51 53 59 61 63 66 71 72 80 88 89
4 9 17 20 22 25 26 28 35 40 41 47 51 54 58 61 63 66 71 73 80 88 89
5 9 17 21 23 25 26 28 38 39 42 46 49 52 57 61 63 65 70 76 78 88 90
3 10 14 21 22 25 27 28 37 39 46 51 55 60 61 63 67 71 76 79 82 89
3 7 11 20 22 25 26 28 31 40 41 47 51 55 58 61 63 66 71 73 80 88 89
3 10 11 21 22 24 26 28 35 39 47 51 53 58 61 62 66 71 74 78 83 89
3 10 11 20 22 25 26 28 35 39 47 51 55 58 61 63 67 68 76 78 87 89
3 10 18 21 22 25 27 28 36 39 47 51 55 60 61 63 67 71 76 77 82 89
4 7 18 21 22 25 27 28 33 40 43 47 51 55 60 61 63 66 68 73 79 82 89
4 10 12 20 23 25 26 28 37 40 41 44 48 55 60 61 63 66 71 75 80 82 90
4 9 19 20 22 25 26 28 37 39 42 47 49 55 60 61 63 66 71 72 79 82 89
4 9 11 20 22 25 26 28 36 40 41 47 51 53 60 61 63 66 71 72 81 88 89
4 9 11 20 22 25 26 28 31 39 42 47 49 55 60 61 63 66 71 72 79 85 89
3 9 18 20 22 25 26 28 34 39 42 47 51 55 60 61 63 66 71 73 79 82 89
3 10 18 20 22 25 27 29 31 40 41 47 51 55 60 61 63 66 71 73 80 88 89
3 10 12 20 23 25 26 28 37 40 41 47 48 55 60 61 63 66 71 75 79 86 90
3 10 11 21 22 25 27 28 30 40 43 47 51 55 60 61 63 66 68 73 79 82 89
5 10 17 21 23 25 26 29 32 40 46 51 54 59 61 63 66 68 76 80 85 90
4 7 14 20 22 25 26 28 31 40 41 47 51 55 59 61 63 66 71 73 80 88 89
4 7 11 20 22 25 26 28 31 40 41 47 51 54 58 61 63 66 71 72 81 88 89
3 7 14 20 22 25 26 28 36 40 41 47 51 54 58 61 63 66 71 72 81 88 89
3 7 18 20 22 25 27 29 31 40 41 47 51 55 60 61 63 66 71 73 80 88 89
3 10 11 20 22 25 26 28 35 39 47 51 53 58 61 63 67 68 76 78 87 89
4 10 11 21 23 25 26 29 32 40 46 51 55 60 61 63 66 68 76 80 85 90
3 7 11 21 22 25 27 28 33 40 43 47 48 55 60 61 63 66 68 72 77 82 89
4 9 14 21 23 25 26 28 36 39 41 46 50 52 56 61 63 66 70 75 81 82 90
3 9 19 20 22 25 26 28 34 39 42 47 51 55 60 61 63 66 71 73 79 82 89
4 9 14 20 22 25 26 28 37 40 41 47 51 53 60 61 63 66 71 73 81 88 89
4 9 17 20 22 25 26 28 35 40 41 47 51 54 60 61 63 66 71 73 80 88 89
4 10 14 20 23 25 26 28 33 40 41 44 51 55 60 61 63 66 71 75 79 82 90
5 10 17 21 23 25 26 29 32 40 46 50 55 59 61 63 66 68 76 80 88 90
4 7 14 20 22 25 26 28 36 40 41 47 51 54 60 61 63 66 71 72 80 88 89
4 10 14 20 23 25 26 28 33 40 41 44 48 55 60 61 63 66 71 75 79 82 90
3 9 18 20 22 25 26 28 34 39 42 47 51 55 60 61 63 66 71 73 79 82 89
3 9 17 21 23 25 26 29 32 40 47 51 55 60 61 63 66 68 76 80 88 90
4 9 14 20 22 25 26 28 31 40 41 47 51 55 60 61 63 66 71 73 81 88 89
3 9 17 20 22 25 26 28 35 39 47 51 55 58 61 63 67 68 76 78 87 89
4 9 17 20 22 25 26 28 31 40 41 47 51 53 59 61 63 66 71 73 80 88 89
1 10 18 20 22 25 26 28 34 39 41 47 51 55 60 61 63 67 71 75 80 82 90
3 9 19 20 22 25 26 28 31 39 42 47 51 55 60 61 63 66 71 73 79 82 89
5 10 11 21 23 25 26 29 32 40 46 50 54 59 61 63 66 68 76 80 85 90
4 9 17 20 22 25 26 28 37 40 41 47 51 54 60 61 63 66 71 72 80 88 89
3 10 17 21 23 25 26 29 32 40 47 51 54 60 61 63 66 68 76 80 83 90
3 9 11 21 23 25 26 29 32 40 46 51 55 60 61 63 66 68 76 80 83 90
3 9 14 20 22 25 26 28 37 40 41 47 51 54 60 61 63 66 71 72 80 88 89
4 10 18 20 23 25 26 28 36 40 41 47 48 55 60 61 63 66 71 75 79 82 90
3 7 17 20 22 25 26 28 36 40 41 47 51 55 59 61 63 66 71 72 81 88 89
5 9 17 21 23 25 26 29 32 40 47 50 55 60 61 63 66 68 76 80 85 90
5 9 11 21 23 25 26 29 32 40 46 51 54 59 61 63 66 68 76 80 88 90
3 7 18 21 22 25 27 28 30 40 43 47 51 55 60 61 63 66 68 73 79 82 89
3 7 14 21 22 25 26 29 34 39 43 47 51 55 60 61 63 66 71 72 81 86 89
4 9 11 21 23 25 26 29 32 40 46 50 55 60 61 63 66 68 76 80 83 90
4 9 17 20 22 25 26 28 36 40 41 47 51 54 59 61 63 66 71 72 80 88 89
3 9 19 20 22 25 26 28 37 39 42 47 51 55 60 61 63 66 71 72 77 84 89
4 10 18 21 22 25 27 28 36 40 43 44 51 55 60 61 63 66 68 73 79 82 89
3 10 11 21 22 24 26 28 31 39 47 51 53 58 61 62 66 71 74 80 83 89
4 9 11 20 22 25 26 28 35 40 41 47 51 53 60 61 63 66 71 72 81 88 89
3 7 14 21 22 25 27 28 31 40 43 47 48 55 60 61 63 66 68 73 77 82 89
3 9 14 21 23 25 26 28 36 39 41 46 50 52 57 61 63 66 70 75 81 88 90
3 9 11 21 23 25 26 29 32 40 46 50 54 60 61 63 66 68 76 80 85 90
3 7 17 20 22 25 26 28 36 40 41 47 51 55 60 61 63 66 71 72 81 88 89
3 9 18 20 22 25 26 28 31 39 42 47 51 55 60 61 63 66 71 72 77 82 89
3 10 18 21 22 25 27 28 31 40 43 47 48 55 60 61 63 66 68 73 79 82 89
4 10 14 20 23 25 26 28 37 40 41 47 51 55 60 61 63 66 71 75 79 86 90
3 9 14 20 22 25 26 28 37 40 41 47 51 53 60 61 63 66 71 72 81 88 89
5 10 14 21 22 25 27 28 34 39 46 50 55 60 61 63 67 71 76 77 82 89
4 7 14 21 22 25 27 28 33 40 43 47 48 55 60 61 63 66 68 72 77 82 89
4 9 17 20 22 25 26 28 35 39 47 51 53 60 61 63 67 68 76 78 87 89
5 9 11 21 23 25 26 29 32 40 46 50 55 59 61 63 66 68 76 80 88 90
4 10 11 21 22 24 26 28 35 39 47 51 53 58 61 62 66 71 74 78 83 89
4 10 18 20 23 25 26 29 37 39 43 47 51 55 60 61 63 66 71 73 80 82 90
3 9 11 21 23 25 26 29 32 40 46 50 54 60 61 63 66 68 76 80 83 90
4 9 14 21 23 25 26 28 36 39 41 46 50 54 57 61 63 66 70 75 80 85 90
3 9 19 21 23 25 26 28 34 39 41 46 50 52 57 61 63 66 70 75 81 85 90
3 9 11 20 22 25 26 28 37 40 41 47 51 54 60 61 63 66 71 72 81 88 89
3 10 18 20 23 25 26 28 33 40 41 44 48 55 60 61 63 66 71 75 79 86 90
3 9 11 21 23 25 26 29 32 40 47 51 55 60 61 63 66 68 76 80 85 90
3 9 17 21 23 25 26 29 32 40 47 51 54 59 61 63 66 68 76 80 85 90
3 10 11 21 23 25 26 29 32 40 47 51 54 59 61 63 66 68 76 80 85 90
5 9 11 21 23 25 26 29 32 40 47 51 54 59 61 63 66 68 76 80 85 90
3 7 19 20 22 25 27 29 36 40 41 47 51 55 60 61 63 66 71 74 80 88 89
3 9 19 21 23 25 26 28 33 39 41 46 50 52 59 61 63 66 70 75 81 85 90
5 10 14 21 22 25 27 28 37 39 46 50 55 60 61 63 67 71 76 79 82 89
3 9 17 20 22 25 26 28 31 40 41 47 51 53 58 61 63 66 71 73 80 88 89
4 7 17 20 22 25 26 28 37 40 41 47 51 55 59 61 63 66 71 72 81 88 89
5 9 11 21 23 25 26 29 32 40 46 51 54 59 61 63 66 68 76 80 85 90
4 9 11 21 23 25 26 29 32 40 47 50 54 60 61 63 66 68 76 80 85 90
3 7 11 20 22 25 26 28 35 40 41 47 51 55 60 61 63 66 71 72 81 88 89
4 7 14 20 22 25 26 28 35 40 41 47 51 55 60 61 63 66 71 73 80 88 89
4 9 11 21 23 25 26 29 32 40 47 50 54 60 61 63 66 68 76 80 83 90
4 9 11 21 23 25 26 29 32 40 46 51 54 60 61 63 66 68 76 80 85 90
4 7 11 21 22 25 26 29 34 39 43 47 51 55 60 61 63 66 71 72 80 86 89
4 10 11 21 23 25 26 29 32 40 47 51 54 59 61 63 66 68 76 80 83 90
3 10 18 20 22 25 26 28 31 39 42 47 51 55 60 61 63 66 71 73 77 82 89
4 7 19 21 23 25 26 28 34 39 41 46 50 54 57 61 63 66 70 75 80 82 90
3 10 12 20 23 25 26 28 36 40 41 47 51 55 60 61 63 66 71 75 79 86 90
3 7 17 20 22 25 26 28 36 40 41 47 51 55 58 61 63 66 71 73 80 88 89
1 10 16 20 22 25 26 28 34 39 41 47 51 55 60 61 63 67 71 75 80 84 90
4 7 17 20 22 25 26 28 36 40 41 47 51 55 59 61 63 66 71 72 81 88 89
3 10 11 20 23 25 26 29 30 39 43 47 51 55 60 61 63 66 71 72 80 86 90
3 9 19 21 23 25 26 28 33 39 41 46 50 52 59 61 63 66 70 75 81 82 90
3 10 19 20 22 25 26 28 31 39 42 47 51 55 60 61 63 66 71 73 77 82 89
4 10 11 21 23 25 26 29 32 40 47 51 54 59 61 63 66 68 76 80 88 90
3 9 14 20 22 25 26 28 37 40 41 47 51 53 58 61 63 66 71 73 80 88 89
1 7 14 21 22 25 27 28 37 39 47 51 55 60 61 63 67 71 76 77 82 89
4 9 19 21 23 25 26 28 36 39 41 46 50 52 57 61 63 66 70 75 81 82 90
3 7 18 21 22 25 27 28 34 39 47 50 55 60 61 63 67 71 76 77 82 89
3 10 12 20 22 25 26 28 37 39 47 51 53 58 61 63 67 68 76 78 87 89
4 7 14 20 22 25 26 28 35 40 41 47 51 54 58 61 63 66 71 73 81 88 89
4 7 19 21 23 25 26 28 34 39 41 46 50 52 57 61 63 66 70 75 81 88 90
3 7 18 21 22 25 27 28 37 39 47 51 55 60 61 63 67 71 76 79 82 89
4 7 17 20 22 25 26 28 31 40 41 47 51 53 60 61 63 66 71 72 81 88 89
3 7 14 20 22 25 26 28 36 40 41 47 51 53 60 61 63 66 71 73 80 88 89
4 9 14 21 23 25 26 28 36 39 41 46 50 52 57 61 63 66 70 75 80 85 90
3 9 19 21 23 25 26 28 33 39 41 46 50 52 57 61 63 66 70 75 80 82 90
4 9 17 21 23 25 26 29 32 40 46 51 55 60 61 63 66 68 76 80 88 90
4 10 14 20 23 25 26 28 36 40 41 47 51 55 60 61 63 66 71 75 79 82 90
4 10 11 21 22 24 26 28 31 39 47 51 53 58 61 62 66 71 73 80 83 89
4 7 11 20 22 25 26 28 31 40 41 47 51 53 58 61 63 66 71 72 80 88 89
4 9 17 21 23 25 26 29 32 40 47 51 54 60 61 63 66 68 76 80 85 90
3 7 14 20 22 25 26 28 37 40 41 47 51 55 60 61 63 66 71 72 80 88 89
4 7 19 21 23 25 26 28 36 39 41 46 50 54 57 61 63 66 70 75 81 85 90
3 7 14 21 22 25 27 28 31 40 43 47 51 55 60 61 63 66 68 73 79 82 89
3 7 19 20 22 25 27 29 31 40 41 47 51 55 60 61 63 66 71 73 80 88 89
4 9 11 21 23 25 26 29 32 40 46 50 54 60 61 63 66 68 76 80 83 90
3 9 19 21 23 25 26 28 36 39 41 46 50 54 59 61 63 66 70 75 81 82 90
5 10 11 21 23 25 26 29 32 40 47 50 55 59 61 63 66 68 76 80 83 90
3 7 14 20 22 25 26 28 36 40 41 47 51 55 59 61 63 66 71 73 81 88 89
4 10 14 21 22 25 27 28 31 40 43 47 51 55 60 61 63 66 68 72 77 82 89
5 9 17 21 23 25 26 29 32 40 47 51 54 60 61 63 66 68 76 80 85 90
3 10 11 20 23 25 26 29 36 39 43 47 51 55 60 61 63 66 71 72 79 82 90
3 9 19 21 23 25 26 28 36 39 41 46 50 52 56 61 63 66 70 75 81 88 90
5 10 11 21 22 24 26 28 38 39 47 51 53 58 61 62 66 71 74 80 83 89
3 9 14 20 22 25 26 28 36 40 41 47 51 55 60 61 63 66 71 73 81 88 89
3 9 11 21 23 25 26 29 32 40 47 51 55 60 61 63 66 68 76 80 85 90
5 9 17 21 23 25 26 29 32 40 46 50 54 59 61 63 66 68 76 80 88 90
4 9 11 20 22 25 26 28 31 40 41 47 51 53 58 61 63 66 71 73 81 88 89
3 7 11 21 22 25 27 28 36 40 43 47 51 55 60 61 63 66 68 73 77 82 89
3 7 14 20 22 25 26 28 37 40 41 47 51 55 60 61 63 66 71 73 80 88 89
4 9 14 21 23 25 26 28 34 39 41 46 50 54 56 61 63 66 70 75 81 88 90
3 9 11 20 22 25 26 28 35 40 41 47 51 53 60 61 63 66 71 73 80 88 89
4 9 17 20 22 25 26 28 31 40 41 47 51 54 59 61 63 66 71 73 81 88 89
4 9 19 21 23 25 26 28 36 39 41 46 50 52 56 61 63 66 70 75 80 85 90
5 10 17 21 23 25 26 29 32 40 47 51 55 60 61 63 66 68 76 80 88 90
3 7 19 21 23 25 26 28 36 39 41 46 50 52 57 61 63 66 70 75 81 82 90
4 7 18 20 22 25 27 29 31 40 41 47 51 55 60 61 63 66 71 73 80 88 89
3 10 18 20 22 25 26 28 37 39 42 47 51 55 60 61 63 66 71 72 79 82 89
4 9 19 20 22 25 26 28 31 39 42 47 49 55 60 61 63 66 71 73 81 82 89
4 7 14 21 22 25 27 28 36 40 43 47 48 55 60 61 63 66 68 73 77 82 89
3 7 18 21 23 25 27 29 35 39 41 47 51 55 60 61 63 66 71 73 79 88 90
4 9 17 21 23 25 26 29 32 40 47 50 55 59 61 63 66 68 76 80 85 90
3 9 16 20 22 25 26 28 37 39 47 51 55 60 61 63 67 68 76 78 87 89
4 7 17 20 22 25 26 28 37 40 41 47 51 54 59 61 63 66 71 73 81 88 89
3 9 19 20 22 25 26 28 34 39 42 47 51 55 60 61 63 66 71 72 79 84 89
3 7 14 21 23 25 26 29 34 39 41 47 51 55 60 61 63 66 71 72 80 88 90
5 10 11 21 23 25 26 29 32 40 47 50 54 60 61 63 66 68 76 80 88 90
5 9 17 21 23 25 26 29 32 40 46 51 54 59 61 63 66 68 76 80 88 90
3 7 17 20 22 25 26 28 37 40 41 47 51 53 58 61 63 66 71 72 80 88 89
5 9 19 21 22 25 27 29 37 39 42 45 49 52 57 61 64 66 68 76 78 83 90
3 9 14 21 23 25 26 28 36 39 41 46 50 52 57 61 63 66 70 75 81 88 90
3 7 18 21 23 25 27 29 31 39 41 47 51 55 60 61 63 66 71 72 79 88 90
3 10 12 20 22 25 26 28 37 39 47 51 55 58 61 63 67 68 76 78 87 89
4 9 17 20 22 25 26 28 31 40 41 47 51 54 58 61 63 66 71 72 80 88 89
4 7 11 20 22 25 26 28 35 40 41 47 51 55 58 61 63 66 71 73 80 88 89
4 9 11 20 22 25 26 28 31 40 41 47 51 55 60 61 63 66 71 73 80 88 89
3 9 17 20 22 25 26 28 35 40 41 47 51 55 60 61 63 66 71 72 81 88 89
3 7 19 20 22 25 27 29 31 40 41 47 51 55 60 61 63 66 71 74 80 88 89
4 9 11 21 23 25 26 29 32 40 47 51 55 60 61 63 66 68 76 80 88 90
5 10 11 21 23 25 26 29 32 40 46 50 54 60 61 63 66 68 76 80 83 90
3 9 17 21 23 25 26 29 32 40 47 51 54 59 61 63 66 68 76 80 88 90
4 10 11 21 23 25 26 29 32 40 46 51 54 60 61 63 66 68 76 80 88 90
1 9 19 20 22 25 26 28 34 39 42 47 51 55 60 61 63 66 71 72 79 82 89
4 9 11 21 22 25 27 29 37 39 41 47 48 55 56 61 63 66 68 76 80 83 89
4 9 14 20 22 25 26 28 31 40 41 47 51 55 60 61 63 66 71 73 80 88 89
3 7 14 21 23 25 26 28 34 39 41 46 50 54 59 61 63 66 70 75 81 82 90
4 9 11 21 23 25 26 29 32 40 47 51 54 60 61 63 66 68 76 80 83 90
4 7 14 20 22 25 26 28 35 40 41 47 51 55 60 61 63 66 71 72 80 88 89
4 9 15 21 22 25 26 29 36 39 47 48 55 60 61 63 66 69 75 80 88 89
1 10 14 21 22 25 27 28 36 39 46 51 55 60 61 63 67 71 76 79 82 89
5 10 17 21 23 25 26 29 32 40 47 50 55 60 61 63 66 68 76 80 83 90
5 7 18 21 22 25 27 28 34 39 47 50 55 60 61 63 67 71 76 77 82 89
5 10 18 21 22 25 27 28 36 39 47 51 55 60 61 63 67 71 76 77 82 89
3 7 14 21 22 25 27 28 30 40 43 44 51 55 60 61 63 66 68 73 79 82 89
4 9 14 21 23 25 26 28 36 39 41 46 50 54 57 61 63 66 70 75 80 88 90
3 10 11 21 23 25 26 29 32 40 47 50 54 60 61 63 66 68 76 80 85 90
3 9 11 20 22 25 26 28 35 40 41 47 51 54 60 61 63 66 71 72 81 88 89
4 7 14 21 23 25 26 28 33 39 41 46 50 52 59 61 63 66 70 75 80 88 90
3 9 11 20 22 25 26 28 36 40 41 47 51 53 59 61 63 66 71 73 81 88 89
5 7 19 21 22 25 26 29 37 39 46 49 55 57 61 63 66 68 76 80 88 90
4 9 17 21 23 25 26 29 32 40 47 50 54 59 61 63 66 68 76 80 88 90
3 9 18 20 23 25 26 29 37 39 43 47 51 55 60 61 63 66 71 72 79 82 90
5 10 14 21 22 25 27 28 36 39 46 51 55 60 61 63 67 71 76 79 82 89
4 7 19 21 23 25 26 28 34 39 41 46 50 52 57 61 63 66 70 75 81 82 90
4 9 14 20 22 25 26 28 37 40 41 47 51 54 59 61 63 66 71 72 81 88 89
4 9 14 20 22 25 26 28 31 40 41 47 51 54 58 61 63 66 71 73 80 88 89
3 9 11 21 23 25 26 29 32 40 46 50 55 60 61 63 66 68 76 80 83 90
4 7 14 20 22 25 26 28 31 40 41 47 51 55 59 61 63 66 71 72 81 88 89
5 10 17 21 23 25 26 29 32 40 47 51 55 59 61 63 66 68 76 80 85 90
3 7 14 21 23 25 26 28 36 39 41 46 50 54 56 61 63 66 70 75 81 88 90
1 9 19 21 22 25 26 29 37 39 46 49 55 57 61 63 66 68 76 80 88 90
1 10 19 20 22 25 26 28 30 39 42 47 51 55 60 61 63 66 71 73 77 84 89
4 9 14 20 22 25 26 28 37 40 41 47 51 55 59 61 63 66 71 72 80 88 89
3 9 11 21 23 25 26 29 32 40 46 51 55 60 61 63 66 68 76 80 85 90
4 10 17 21 23 25 26 29 32 40 46 51 54 59 61 63 66 68 76 80 85 90
4 9 11 20 22 25 26 28 36 40 41 47 51 53 58 61 63 66 71 73 81 88 89
3 9 19 20 22 25 26 28 36 39 42 47 49 55 60 61 63 66 71 72 81 82 89
3 10 11 21 23 25 26 29 32 40 47 51 54 59 61 63 66 68 76 80 88 90
3 9 19 21 23 25 26 28 34 39 41 46 50 54 57 61 63 66 70 75 80 82 90
3 7 18 20 22 25 27 29 36 40 41 47 51 55 60 61 63 66 71 74 80 88 89
5 10 18 21 22 25 27 28 37 39 46 50 55 60 61 63 67 71 76 77 82 89
4 9 11 20 23 25 26 29 37 39 43 47 51 55 60 61 63 66 71 73 79 86 90
2 8 18 20 22 25 27 29 37 39 41 47 51 55 60 61 63 66 71 76 78 83 90
4 7 17 20 22 25 26 28 31 40 41 47 51 54 59 61 63 66 71 73 80 88 89
5 10 11 21 23 25 26 29 32 40 46 50 54 59 61 63 66 68 76 80 85 90
5 9 11 21 23 25 26 29 32 40 47 50 55 60 61 63 66 68 76 80 85 90
3 9 17 20 22 25 26 28 31 40 41 47 51 55 59 61 63 66 71 73 80 88 89
4 7 19 20 22 25 27 29 37 40 41 47 51 55 60 61 63 66 71 73 80 88 89
3 7 17 20 22 25 26 28 35 40 41 47 51 53 58 61 63 66 71 72 80 88 89
3 9 19 21 23 25 26 28 36 39 41 46 50 54 56 61 63 66 70 75 80 82 90
3 7 11 21 22 25 26 29 36 39 43 47 51 55 60 61 63 66 71 72 80 86 89
3 9 14 20 22 25 26 28 31 40 41 47 51 55 60 61 63 66 71 73 80 88 89
3 7 14 21 23 25 26 28 36 39 41 46 50 52 56 61 63 66 70 75 80 82 90
4 9 17 21 23 25 26 29 32 40 47 51 55 59 61 63 66 68 76 80 88 90
1 10 18 20 22 25 26 28 34 39 42 47 51 55 60 61 63 66 71 73 77 82 89
4 9 17 21 23 25 26 29 32 40 46 51 55 59 61 63 66 68 76 80 83 90
5 10 17 21 23 25 26 29 32 40 47 50 54 60 61 63 66 68 76 80 85 90
3 9 18 20 22 25 26 28 34 39 42 47 51 55 60 61 63 66 71 72 77 84 89
3 9 11 20 22 25 26 28 36 40 41 47 51 54 59 61 63 66 71 72 80 88 89
4 7 11 20 22 25 26 28 31 40 41 47 51 55 59 61 63 66 71 73 81 88 89
4 7 19 21 23 25 26 28 34 39 41 46 50 54 56 61 63 66 70 75 80 88 90
3 7 11 21 22 25 26 29 31 39 43 47 51 55 60 61 63 66 71 72 81 86 89
3 10 17 21 23 25 26 29 32 40 47 50 55 60 61 63 66 68 76 80 88 90
3 9 14 20 22 25 26 28 37 40 41 47 51 53 58 61 63 66 71 72 81 88 89
3 7 18 21 23 25 26 29 36 39 41 47 51 55 60 61 63 66 71 73 79 88 90
3 9 11 20 22 25 26 28 36 40 41 47 51 55 58 61 63 66 71 73 80 88 89
1 10 11 21 22 24 26 28 31 39 47 51 53 58 61 62 66 71 74 78 83 89
3 7 17 20 22 25 26 28 36 40 41 47 51 54 59 61 63 66 71 72 80 88 89
3 7 11 21 22 25 26 29 31 39 43 47 51 55 60 61 63 66 71 73 81 86 89
3 7 14 21 23 25 26 28 33 39 41 46 50 54 56 61 63 66 70 75 81 85 90
5 9 11 21 23 25 26 29 32 40 47 51 55 60 61 63 66 68 76 80 88 90
3 7 11 21 22 25 27 28 31 40 43 44 48 55 60 61 63 66 68 72 79 82 89
4 9 14 21 23 25 26 28 33 39 41 46 50 52 59 61 63 66 70 75 80 88 90
3 10 18 20 23 25 26 28 33 40 41 47 48 55 60 61 63 66 71 75 79 82 90
3 10 18 20 23 25 26 28 33 40 41 44 51 55 60 61 63 66 71 75 80 82 90
3 7 19 20 22 25 27 29 31 40 41 47 51 55 60 61 63 66 71 73 80 88 89
4 9 17 21 23 25 26 29 32 40 46 50 54 60 61 63 66 68 76 80 88 90
1 9 19 20 22 25 26 28 31 39 42 47 51 55 60 61 63 66 71 72 79 82 89
3 10 11 21 22 24 26 28 35 39 47 51 53 58 61 62 66 71 74 80 83 89
4 9 19 21 23 25 26 28 33 39 41 46 50 52 59 61 63 66 70 75 80 88 90
4 9 14 20 22 25 26 28 35 40 41 47 51 55 58 61 63 66 71 72 80 88 89
3 7 14 21 22 25 26 29 36 39 43 47 51 55 60 61 63 66 71 72 81 86 89
3 7 18 21 22 25 27 28 34 39 47 51 55 60 61 63 67 71 76 77 82 89
4 7 19 21 23 25 26 28 33 39 41 46 50 52 57 61 63 66 70 75 80 88 90
5 7 14 21 22 25 27 28 34 39 46 51 55 60 61 63 67 71 76 77 82 89
4 7 17 20 22 25 26 28 31 40 41 47 51 53 60 61 63 66 71 73 81 88 89
1 7 18 21 22 25 27 28 36 39 47 50 55 60 61 63 67 71 76 77 82 89
4 9 11 20 22 25 26 28 36 39 42 47 49 55 60 61 63 66 71 73 79 85 89
3 9 17 20 22 25 26 28 31 40 41 47 51 54 60 61 63 66 71 72 80 88 89
5 7 18 21 22 25 27 28 37 39 46 50 55 60 61 63 67 71 76 77 82 89
5 9 11 20 22 25 26 28 37 39 47 51 53 58 61 63 67 68 76 78 87 89
4 9 11 20 22 25 26 28 36 40 41 47 51 54 59 61 63 66 71 72 80 88 89
3 10 18 21 23 25 26 29 36 39 41 47 51 55 60 61 63 66 71 72 80 88 90
4 10 17 21 23 25 26 29 32 40 46 50 54 60 61 63 66 68 76 80 88 90
3 7 18 21 22 25 27 28 33 40 43 44 51 55 60 61 63 66 68 72 77 82 89
4 9 14 20 22 25 26 28 36 40 41 47 51 53 59 61 63 66 71 72 80 88 89
3 10 19 20 22 25 26 28 30 39 42 47 51 55 60 61 63 66 71 73 77 84 89
3 7 14 20 22 25 26 28 35 40 41 47 51 53 60 61 63 66 71 72 81 88 89
4 7 14 21 23 25 26 28 34 39 41 46 50 52 56 61 63 66 70 75 81 88 90
4 9 19 21 23 25 26 28 36 39 41 46 50 54 57 61 63 66 70 75 80 88 90
3 7 11 20 22 25 26 28 36 40 41 47 51 54 59 61 63 66 71 73 80 88 89
4 7 19 21 23 25 26 28 36 39 41 46 50 52 57 61 63 66 70 75 80 85 90
4 9 14 21 23 25 26 28 36 39 41 46 50 52 56 61 63 66 70 75 81 88 90
3 9 14 20 22 25 26 28 31 40 41 47 51 53 60 61 63 66 71 72 81 88 89
4 10 17 21 23 25 26 29 32 40 47 50 54 60 61 63 66 68 76 80 88 90
5 10 14 21 22 25 27 28 34 39 47 50 55 60 61 63 67 71 76 77 82 89
4 9 17 21 23 25 26 29 32 40 46 50 54 59 61 63 66 68 76 80 83 90
3 9 11 21 23 25 26 29 32 40 47 50 54 59 61 63 66 68 76 80 83 90
3 7 18 21 23 25 26 29 34 39 41 47 51 55 60 61 63 66 71 73 79 88 90
4 10 19 20 22 25 27 29 36 40 41 47 51 55 60 61 63 66 71 74 80 88 89
1 7 11 21 22 25 26 29 37 39 46 49 55 56 61 63 66 68 76 80 88 90
4 9 11 20 22 25 26 28 36 40 41 47 51 55 58 61 63 66 71 72 80 88 89
4 9 17 21 23 25 26 29 32 40 46 51 54 59 61 63 66 68 76 80 88 90
3 10 14 21 23 25 27 29 35 39 41 47 51 55 60 61 63 66 71 72 80 88 90
4 10 17 21 23 25 26 29 32 40 47 51 54 59 61 63 66 68 76 80 88 90
4 9 14 21 23 25 26 28 33 39 41 46 50 52 57 61 63 66 70 75 81 85 90
3 10 17 21 23 25 26 29 32 40 47 51 55 60 61 63 66 68 76 80 85 90
5 10 17 21 23 25 26 29 32 40 46 50 55 60 61 63 66 68 76 80 83 90
4 7 11 20 22 25 26 28 35 40 41 47 51 55 59 61 63 66 71 72 81 88 89
3 7 17 20 22 25 26 28 36 40 41 47 51 55 60 61 63 66 71 72 80 88 89
4 9 14 21 23 25 26 28 34 39 41 46 50 54 56 61 63 66 70 75 80 82 90
4 10 11 20 23 25 26 29 31 39 43 47 51 55 60 61 63 66 71 72 79 82 90
3 9 19 20 22 25 26 28 34 39 42 47 51 55 60 61 63 66 71 73 79 82 89
5 10 17 21 23 25 26 29 32 40 46 51 55 60 61 63 66 68 76 80 85 90
3 9 14 21 23 25 26 28 36 39 41 46 50 52 56 61 63 66 70 75 80 88 90
4 9 11 21 23 25 26 29 32 40 47 50 54 60 61 63 66 68 76 80 88 90
1 10 18 20 22 25 26 28 34 39 42 47 51 55 60 61 63 66 71 72 77 82 89
4 9 17 20 22 25 26 28 36 40 41 47 51 53 60 61 63 66 71 72 81 88 89
4 7 19 21 23 25 26 28 36 39 41 46 50 52 56 61 63 66 70 75 81 88 90
4 9 17 21 23 25 26 29 32 40 46 51 54 59 61 63 66 68 76 80 83 90
3 7 14 20 22 25 26 28 37 40 41 47 51 53 58 61 63 66 71 73 80 88 89
3 10 18 21 22 25 27 28 36 39 47 50 55 60 61 63 67 71 76 79 82 89
4 10 17 21 23 25 26 29 32 40 46 51 55 59 61 63 66 68 76 80 83 90
4 7 19 21 23 25 26 28 34 39 41 46 50 52 59 61 63 66 70 75 81 82 90
1 10 11 21 22 24 26 28 38 39 47 51 53 58 61 62 66 71 74 80 83 89
5 9 17 21 23 25 26 29 32 40 46 50 55 59 61 63 66 68 76 80 88 90
3 7 11 20 22 25 26 28 36 40 41 47 51 54 60 61 63 66 71 73 81 88 89
4 10 11 21 22 25 27 28 30 40 43 44 48 55 60 61 63 66 68 72 77 82 89
3 9 14 21 23 25 26 28 36 39 41 46 50 54 56 61 63 66 70 75 81 88 90
3 10 14 20 23 25 26 28 36 40 41 44 48 55 60 61 63 66 71 75 80 86 90
5 10 17 21 23 25 26 29 32 40 47 51 54 59 61 63 66 68 76 80 85 90
3 10 18 20 23 25 26 28 37 40 41 47 48 55 60 61 63 66 71 75 80 86 90
3 9 19 21 23 25 26 28 33 39 41 46 50 54 57 61 63 66 70 75 81 85 90
4 10 11 21 22 24 26 28 31 39 47 51 53 58 61 62 66 71 73 78 83 89
4 10 18 21 22 25 27 28 33 40 43 47 48 55 60 61 63 66 68 73 79 82 89
3 10 18 21 22 25 27 28 30 40 43 44 51 55 60 61 63 66 68 72 79 82 89
3 9 17 21 23 25 26 29 32 40 46 50 54 59 61 63 66 68 76 80 83 90
4 9 14 21 23 25 26 28 33 39 41 46 50 52 59 61 63 66 70 75 81 82 90
4 7 14 21 22 25 27 28 30 40 43 47 48 55 60 61 63 66 68 73 77 82 89
4 10 11 21 22 25 27 28 36 40 43 47 51 55 60 61 63 66 68 73 79 82 89
