1 6 10 15 19 28 30 31 35 38 42
1 6 10 15 19 28 30 31 35 38 42
1 6 10 15 19 28 30 31 35 38 42
1 6 10 15 19 28 30 31 35 38 42
1 6 10 15 19 28 30 31 35 38 42
1 6 10 15 19 28 30 31 35 38 42
1 6 10 15 19 28 30 31 35 38 42
1 6 10 15 19 28 30 31 35 38 42
1 6 10 15 19 28 30 31 35 38 42
1 6 10 15 19 28 30 31 35 38 42
1 6 10 15 19 28 30 31 35 38 42
1 6 10 15 19 28 30 31 35 38 42
1 6 10 15 19 28 30 31 35 38 42
1 6 10 15 19 28 30 31 35 38 42
1 6 10 15 19 28 30 31 35 38 42
1 6 10 15 19 28 30 31 35 38 42
1 6 10 15 19 28 30 31 35 38 42
1 6 10 15 19 28 30 31 35 38 42
1 6 10 15 19 28 30 31 35 38 42
1 6 10 15 19 28 30 31 35 38 42
1 6 10 15 19 28 30 31 35 38 42
1 6 10 15 19 28 30 31 35 38 42
1 6 10 15 19 28 30 31 35 38 42
1 6 10 15 19 28 30 31 35 38 42
1 6 10 15 19 28 30 31 35 38 42
1 6 10 15 19 28 30 31 35 38 42
1 6 10 15 19 28 30 31 35 38 42
1 6 10 15 19 28 30 31 35 38 42
1 6 10 15 19 28 30 31 35 38 46
1 6 10 15 19 28 30 31 35 38 42
1 6 10 15 19 28 30 31 35 38 42
1 6 10 15 19 28 30 31 35 38 42
1 6 10 15 19 28 30 31 35 38 42
1 6 10 15 19 28 30 31 35 38 42
1 6 10 15 19 28 30 31 35 38 42
1 6 10 15 19 28 30 31 35 38 42
1 6 10 15 19 28 30 31 35 38 42
1 6 10 15 19 28 30 31 35 38 42
1 6 10 15 19 28 30 31 35 38 42
1 8 10 15 19 28 30 31 35 38 42
1 6 10 15 19 28 30 31 35 38 42
1 6 10 15 19 28 30 31 35 38 42
1 6 10 15 19 28 30 31 35 38 42
1 6 10 15 21 28 30 31 35 38 42
1 6 10 15 19 28 30 31 35 38 42
1 6 10 15 19 28 30 31 35 38 43
1 6 10 15 19 28 30 31 35 38 42
1 6 10 15 19 28 30 31 35 38 42
1 6 10 15 19 28 30 31 35 38 42
1 6 10 15 19 28 30 31 35 38 42
1 6 10 15 19 28 30 31 35 38 42
1 6 10 15 19 28 30 31 35 38 42
1 6 10 15 19 28 30 31 35 38 42
1 6 10 15 19 28 30 31 35 38 42
1 6 10 15 19 28 30 31 35 38 42
1 6 10 15 19 28 30 31 35 38 42
1 6 10 15 19 28 30 31 35 38 42
1 6 10 15 19 28 30 31 35 38 42
1 6 10 15 19 28 30 31 35 38 42
1 6 10 15 23 28 30 31 35 38 45
1 6 10 15 19 28 30 31 35 38 42
1 6 10 15 19 28 30 31 35 38 46
1 6 10 15 19 28 30 31 35 38 42
1 6 10 15 19 28 30 31 35 38 46
1 6 10 15 19 28 30 31 35 38 42
1 6 10 15 19 28 30 31 35 38 42
1 6 10 15 19 28 30 31 35 38 42
1 6 10 15 19 28 30 31 35 38 42
1 6 10 15 19 28 30 31 35 38 42
1 6 10 15 19 28 30 31 35 38 42
1 6 10 15 19 28 30 31 35 38 42
1 6 10 15 19 28 30 31 35 38 42
1 6 10 15 19 28 30 31 35 38 42
1 6 10 15 19 28 30 31 35 38 42
1 6 10 15 19 28 30 31 35 38 42
1 6 10 15 19 28 30 31 35 38 42
1 6 10 15 19 28 30 31 35 38 42
1 6 10 15 19 28 30 31 35 38 42
1 6 10 15 19 28 30 31 35 38 42
1 6 10 15 19 28 30 31 35 38 42
1 6 10 15 19 28 30 31 35 38 42
1 8 10 15 19 28 30 31 35 38 42
1 6 10 15 19 28 30 31 35 38 42
1 6 10 15 19 28 30 31 35 38 42
1 6 10 15 19 28 30 31 35 38 42
1 6 10 15 19 28 30 31 35 38 42
1 6 10 15 19 28 30 31 35 38 42
1 6 10 15 19 28 30 31 35 38 42
1 6 10 15 19 28 30 31 35 38 42
1 6 10 15 19 28 30 31 35 38 42
1 6 10 15 19 28 30 31 35 38 42
1 6 10 15 19 28 30 31 35 38 42
1 6 10 15 19 28 30 31 35 38 42
1 6 10 15 19 28 30 31 35 38 42
1 6 10 15 19 28 30 31 35 38 43
1 6 10 15 19 28 30 31 35 38 42
1 6 10 15 19 28 30 31 35 38 42
1 9 10 18 19 28 30 31 35 38 43
1 6 10 15 19 28 30 31 35 38 42
1 6 10 15 19 28 30 31 35 38 42
1 6 10 15 19 28 30 31 35 38 42
1 6 10 15 19 28 30 31 35 38 42
1 6 10 15 19 28 30 31 35 38 42
1 6 10 15 19 28 30 31 35 38 42
1 6 10 15 19 28 30 31 35 38 42
1 6 10 15 19 28 30 31 35 38 42
1 6 10 18 23 28 30 31 35 38 43
1 6 10 15 19 28 30 31 35 38 42
1 6 10 15 19 28 30 31 35 38 42
1 6 10 15 19 28 30 31 35 38 42
1 6 10 15 19 28 30 31 35 38 42
1 6 10 15 19 28 30 31 35 38 42
1 6 10 15 19 28 30 31 35 38 42
1 6 10 15 19 28 30 31 35 38 42
1 6 10 15 19 28 30 31 35 38 42
1 6 10 15 19 28 30 31 35 38 42
1 6 10 15 21 28 30 31 35 38 43
1 6 10 15 19 28 30 31 35 38 42
1 6 10 15 19 28 30 31 35 38 42
1 6 10 15 19 28 30 31 35 38 46
1 6 10 15 19 28 30 31 35 38 42
1 6 10 15 19 28 30 31 35 38 43
1 6 10 15 19 28 30 31 35 38 42
1 6 10 15 19 28 30 31 35 38 42
1 6 10 15 19 28 30 31 35 38 42
1 6 10 15 19 28 30 31 35 38 43
1 6 10 15 19 28 30 31 35 38 42
1 6 10 15 19 28 30 31 35 38 43
1 6 10 15 19 28 30 31 35 38 42
1 6 10 15 19 28 30 31 35 38 42
1 6 10 15 19 28 30 31 35 38 42
1 6 10 15 19 28 30 31 35 38 42
1 6 10 15 19 28 30 31 35 38 43
1 6 10 15 19 28 30 31 35 38 42
1 6 10 15 19 28 30 31 35 38 42
1 6 10 15 19 28 30 31 35 38 42
1 6 10 15 19 28 30 31 35 38 42
1 6 10 15 19 28 30 31 35 38 43
1 6 10 15 19 28 30 31 35 38 42
1 6 10 15 19 28 30 31 35 38 42
1 6 10 15 19 28 30 31 35 38 42
1 6 10 15 19 28 30 31 35 38 42
1 6 10 15 19 28 30 31 35 38 42
1 6 10 15 19 28 30 31 35 38 42
1 6 10 15 19 28 30 31 35 38 42
1 6 10 15 19 28 30 31 35 38 42
1 6 10 15 19 28 30 31 35 38 42
1 6 10 15 19 28 30 31 35 38 42
1 6 10 15 19 28 30 31 35 38 42
1 6 10 15 19 28 30 31 35 38 42
1 6 10 15 19 28 30 31 35 38 42
1 6 10 15 19 28 30 31 35 38 42
1 6 10 15 19 28 30 31 35 38 42
1 6 10 15 19 28 30 31 35 38 42
1 6 10 15 19 28 30 31 35 38 42
1 6 10 15 19 28 30 31 35 38 42
1 6 10 15 19 28 30 31 35 38 42
1 6 10 15 19 28 30 31 35 38 42
1 6 10 15 19 28 30 31 35 38 42
1 6 10 15 19 28 30 31 35 38 42
1 6 10 15 19 28 30 31 35 38 42
1 6 10 15 19 28 30 31 35 38 42
1 6 10 15 19 28 30 31 35 38 42
1 6 10 15 23 28 30 31 35 38 45
1 6 10 15 19 28 30 31 35 38 42
1 6 10 15 19 28 30 31 35 38 42
1 6 10 15 19 28 30 31 35 38 42
1 6 10 15 19 28 30 31 35 38 42
1 8 10 15 19 28 30 31 35 38 42
1 6 10 15 19 28 30 31 35 38 42
1 6 10 15 19 28 30 31 35 38 42
1 6 10 15 19 28 30 31 35 38 42
1 6 10 15 19 28 30 31 35 38 42
1 6 10 15 19 28 30 31 35 38 42
1 6 10 15 19 28 30 31 35 38 42
1 6 10 15 21 28 30 31 35 38 43
1 6 10 15 19 28 30 31 35 38 42
1 6 10 15 19 28 30 31 35 38 42
1 6 10 15 19 28 30 31 35 38 42
1 6 10 15 19 28 30 31 35 38 42
1 6 10 15 19 28 30 31 35 38 42
1 6 10 15 19 28 30 31 35 38 42
1 6 10 15 19 28 30 31 35 38 42
1 6 10 15 19 28 30 31 35 38 42
1 6 10 15 19 28 30 31 35 38 42
1 6 10 15 19 28 30 31 35 38 42
1 6 10 15 19 28 30 31 35 38 42
1 6 10 15 19 28 30 31 35 38 42
1 6 10 15 19 28 30 31 35 38 42
1 6 10 15 19 28 30 31 35 38 42
1 6 10 15 19 28 30 31 35 38 42
1 6 10 15 19 28 30 31 35 38 42
1 6 10 15 19 28 30 31 35 38 42
1 6 10 15 19 28 30 31 35 38 43
1 6 10 15 19 28 30 31 35 38 42
1 6 10 15 19 28 30 31 35 38 42
1 6 10 15 19 28 30 31 35 38 42
1 6 10 15 19 28 30 31 35 38 42
1 6 10 15 19 28 30 31 35 38 42
1 6 10 15 19 28 30 31 35 38 42
1 6 10 15 19 28 30 31 35 38 42
1 6 10 15 19 28 30 31 35 38 42
1 9 10 15 19 28 30 31 35 38 42
1 6 10 15 19 28 30 31 35 38 42
1 6 10 15 19 28 30 31 35 38 42
1 6 10 15 19 28 30 31 35 38 42
1 6 10 15 19 28 30 31 35 38 43
1 6 10 15 19 28 30 31 35 38 46
1 6 10 15 19 28 30 31 35 38 42
1 6 10 15 19 28 30 31 35 38 42
1 6 10 15 19 28 30 31 35 38 42
1 6 10 15 19 28 30 31 35 38 42
1 6 10 15 19 28 30 31 35 38 42
1 6 10 15 19 28 30 31 35 38 42
1 6 10 18 22 28 30 31 35 38 43
1 6 10 15 19 28 30 31 35 38 42
1 6 10 15 19 28 30 31 35 38 42
1 6 10 15 19 28 30 31 35 38 42
1 6 10 15 19 28 30 31 35 38 42
1 6 10 18 23 28 30 31 35 38 43
1 6 10 15 19 28 30 31 35 38 42
1 6 10 15 19 28 30 31 35 38 42
1 6 10 15 19 28 30 31 35 38 42
1 6 10 15 19 28 30 31 35 38 42
1 6 10 15 19 28 30 31 35 38 42
1 6 10 15 19 28 30 31 35 38 42
1 6 10 15 21 28 30 31 35 38 42
1 6 10 15 23 28 30 31 35 38 45
1 6 10 15 19 28 30 31 35 38 42
1 6 10 15 19 28 30 31 35 38 42
1 6 10 15 19 28 30 31 35 38 42
1 6 10 15 19 28 30 31 35 38 42
1 6 10 15 19 28 30 31 35 38 42
1 6 10 15 19 28 30 31 35 38 42
1 6 10 15 19 28 30 31 35 38 42
1 8 10 15 19 28 30 31 35 38 42
1 6 10 15 19 28 30 31 35 38 46
1 6 10 15 19 28 30 31 35 38 42
1 6 10 15 19 28 30 31 35 38 42
1 6 10 15 19 28 30 31 35 38 42
1 6 10 15 19 28 30 31 35 38 42
1 6 10 15 19 28 30 31 35 38 42
1 6 10 15 19 28 30 31 35 38 42
1 6 10 15 19 28 30 31 35 38 42
1 6 10 15 19 28 30 31 35 38 42
1 6 10 15 19 28 30 31 35 38 42
1 6 10 15 19 28 30 31 35 38 42
1 6 10 15 19 28 30 31 35 38 42
1 6 10 15 19 28 30 31 35 38 42
1 6 10 15 19 28 30 31 35 38 42
1 6 10 15 19 28 30 31 35 38 42
1 6 10 15 19 28 30 31 35 38 42
1 6 10 15 19 28 30 31 35 38 42
1 6 10 15 19 28 30 31 35 38 42
1 6 10 15 19 28 30 31 35 38 42
1 6 10 15 19 28 30 31 35 38 42
1 6 10 15 19 28 30 31 35 38 42
1 6 10 15 19 28 30 31 35 38 42
1 6 10 15 19 28 30 31 35 38 42
1 6 10 15 19 28 30 31 35 38 42
1 6 10 15 19 28 30 31 35 38 42
1 6 10 15 19 28 30 31 35 38 42
1 6 10 15 19 28 30 31 35 38 42
1 6 10 15 19 28 30 31 35 38 42
1 6 10 15 19 28 30 31 35 38 43
1 6 10 15 19 28 30 31 35 38 42
1 9 10 18 19 28 30 31 35 38 43
1 6 10 15 19 28 30 31 35 38 42
1 6 10 15 19 28 30 31 35 38 42
1 6 10 15 19 28 30 31 35 38 42
1 6 10 15 19 28 30 31 35 38 43
1 6 10 15 19 28 30 31 35 38 42
1 6 10 15 19 28 30 31 35 38 42
1 6 10 15 19 28 30 31 35 38 42
1 6 10 15 19 28 30 31 35 38 42
1 6 10 15 19 28 30 31 35 38 42
1 6 10 15 19 28 30 31 35 38 42
1 6 10 15 19 28 30 31 35 38 42
1 6 10 15 19 28 30 31 35 38 42
1 6 10 15 19 28 30 31 35 38 42
1 6 10 15 19 28 30 31 35 38 42
1 6 10 15 19 28 30 31 35 38 42
1 6 10 15 19 28 30 31 35 38 42
1 6 10 15 19 28 30 31 35 38 42
1 6 10 15 19 28 30 31 35 38 42
1 6 10 15 19 28 30 31 35 38 42
1 6 10 15 19 28 30 31 35 38 42
1 6 10 15 19 28 30 31 35 38 42
1 6 10 15 19 28 30 31 35 38 42
1 6 10 15 19 28 30 31 35 38 42
1 6 10 15 19 28 30 31 35 38 42
1 6 10 15 19 28 30 31 35 38 42
1 6 10 15 19 28 30 31 35 38 42
1 6 10 15 19 28 30 31 35 38 42
1 6 10 15 19 28 30 31 35 38 42
1 6 10 15 19 28 30 31 35 38 43
1 6 10 15 19 28 30 31 35 38 42
1 6 10 15 19 28 30 31 35 38 42
1 6 10 15 19 28 30 31 35 38 42
1 6 10 15 19 28 30 31 35 38 42
1 6 10 15 19 28 30 31 35 38 42
1 6 10 15 19 28 30 31 35 38 42
1 6 10 15 19 28 30 31 35 38 42
1 6 10 15 19 28 30 31 35 38 42
1 6 10 15 19 28 30 31 35 38 42
1 6 10 15 19 28 30 31 35 38 42
1 6 10 15 19 28 30 31 35 38 43
1 6 10 15 19 28 30 31 35 38 42
1 6 10 15 19 28 30 31 35 38 42
1 6 10 15 19 28 30 31 35 38 42
1 6 10 15 23 28 30 31 35 38 43
1 6 10 15 19 28 30 31 35 38 42
1 6 10 15 19 28 30 31 35 38 42
1 6 10 18 20 28 30 31 35 38 43
1 6 10 15 19 28 30 31 35 38 42
1 6 10 15 19 28 30 31 35 38 42
1 6 10 15 19 28 30 31 35 38 42
1 6 10 15 19 28 30 31 35 38 42
1 6 10 15 19 28 30 31 35 38 43
1 6 10 15 19 28 30 31 35 38 42
1 6 10 15 19 28 30 31 35 38 42
1 6 10 15 23 28 30 31 35 38 43
1 6 10 15 19 28 30 31 35 38 42
1 6 10 15 20 28 30 31 35 38 43
1 6 10 15 19 28 30 31 35 38 42
1 6 10 15 19 28 30 31 35 38 42
1 6 10 15 19 28 30 31 35 38 42
1 6 10 15 19 28 30 31 35 38 42
1 6 10 15 19 28 30 31 35 38 42
1 6 10 15 19 28 30 31 35 38 42
1 6 10 15 19 28 30 31 35 38 42
1 6 10 15 19 28 30 31 35 38 42
1 6 12 15 19 28 30 31 36 38 46
1 6 10 15 19 28 30 31 35 38 42
1 6 10 15 19 28 30 31 35 38 42
1 6 10 15 19 28 30 31 35 38 42
1 6 10 15 19 28 30 31 35 38 42
1 6 10 15 19 28 30 31 35 38 42
1 6 10 15 19 28 30 31 35 38 42
1 6 10 15 23 28 30 31 35 38 45
1 6 10 15 19 28 30 31 35 38 42
1 6 10 15 19 28 30 31 35 38 42
1 6 10 15 19 28 30 31 35 38 42
1 6 10 15 19 28 30 31 36 38 46
1 6 10 15 19 28 30 31 35 38 42
1 6 10 15 19 28 30 31 35 38 42
1 6 10 15 19 28 30 31 35 38 42
1 6 10 15 22 28 30 31 35 38 43
1 6 10 15 19 28 30 31 35 38 42
1 6 10 15 19 28 30 31 35 38 42
1 6 10 15 19 28 30 31 35 38 42
1 6 10 15 19 28 30 31 35 38 42
1 6 10 15 19 28 30 31 35 38 42
1 6 10 15 19 28 30 31 35 38 42
1 6 10 15 19 28 30 31 35 38 42
1 6 10 15 19 28 30 31 35 38 42
1 6 10 15 19 28 30 31 35 38 46
1 6 10 15 19 28 30 31 35 38 42
1 6 10 15 19 28 30 31 35 38 42
1 6 10 15 19 28 30 31 35 38 42
1 6 10 15 19 28 30 31 35 38 42
1 6 10 15 19 28 30 31 35 38 42
1 6 10 15 19 28 30 31 35 38 42
1 6 10 15 19 28 30 31 35 38 43
1 6 10 15 19 28 30 31 35 38 42
1 6 10 15 19 28 30 31 35 38 42
1 6 10 15 19 28 30 31 35 38 42
1 6 10 15 19 28 30 31 35 38 42
1 6 10 15 19 28 30 31 35 38 42
1 6 10 15 19 28 30 31 35 38 42
1 6 10 15 19 28 30 31 35 38 42
1 8 10 15 19 28 30 31 35 38 42
1 6 10 15 19 28 30 31 35 38 46
1 6 10 15 19 28 30 31 35 38 42
1 6 10 15 19 28 30 31 35 38 42
1 6 10 15 19 28 30 31 35 38 42
1 6 10 15 19 28 30 31 35 38 42
1 6 10 15 19 28 30 31 35 38 42
1 6 10 15 19 28 30 31 35 38 42
1 6 10 15 19 28 30 31 35 38 42
1 8 10 15 19 28 30 31 35 38 42
1 6 10 15 19 28 30 31 35 38 42
1 6 10 15 19 28 30 31 35 38 46
1 6 10 15 19 28 30 31 35 38 42
1 6 10 15 19 28 30 31 35 38 42
1 8 10 15 19 28 30 31 35 38 42
1 6 10 15 19 28 30 31 35 38 42
1 6 10 15 19 28 30 31 35 38 42
1 6 10 15 19 28 30 31 35 38 42
1 6 10 15 19 28 30 31 35 38 42
1 6 10 15 19 28 30 31 35 38 42
1 6 10 15 19 28 30 31 35 38 42
1 6 10 15 19 28 30 31 35 38 42
1 6 10 15 19 28 30 31 35 38 42
1 6 10 15 19 28 30 31 35 38 42
1 6 10 15 19 28 30 31 35 38 42
1 6 10 15 19 28 30 31 35 38 42
1 6 10 15 19 28 30 31 35 38 42
1 6 10 15 19 28 30 31 35 38 42
1 6 10 15 19 28 30 31 35 38 42
1 6 10 15 21 28 30 31 35 38 42
1 6 10 15 19 28 30 31 35 38 42
1 6 10 15 19 28 30 31 35 38 42
1 6 10 15 19 28 30 31 35 38 42
1 6 10 15 19 28 30 31 35 38 42
1 9 10 18 19 28 30 31 35 38 43
1 6 10 15 19 28 30 31 35 38 42
1 6 10 15 19 28 30 31 35 38 42
1 6 10 15 19 28 30 31 35 38 42
1 6 10 15 19 28 30 31 35 38 42
1 6 10 15 19 28 30 31 35 38 42
1 6 10 15 19 28 30 31 35 38 42
1 6 10 15 19 28 30 31 35 38 42
1 6 10 15 19 28 30 31 35 38 42
1 6 10 15 19 28 30 31 35 38 42
1 6 10 15 19 28 30 31 35 38 42
1 6 10 15 19 28 30 31 35 38 43
1 6 10 15 19 28 30 31 35 38 42
1 6 10 15 19 28 30 31 35 38 42
1 6 10 15 19 28 30 31 35 38 42
1 6 10 15 19 28 30 31 35 38 42
1 6 10 15 19 28 30 31 35 38 42
1 6 10 15 22 28 30 31 35 38 43
1 6 10 15 19 28 30 31 35 38 42
1 6 10 15 19 28 30 31 35 38 42
1 6 10 15 19 28 30 31 35 38 42
1 6 10 15 19 28 30 31 35 38 42
1 6 10 15 19 28 30 31 35 38 42
1 6 10 15 19 28 30 31 35 38 42
1 6 10 15 19 28 30 31 35 38 42
1 6 10 15 19 28 30 31 35 38 42
1 6 10 18 23 28 30 31 35 38 43
1 6 10 15 19 28 30 31 35 38 42
1 6 10 15 19 28 30 31 35 38 42
1 6 10 15 19 28 30 31 35 38 42
1 6 10 15 19 28 30 31 35 38 42
1 6 10 15 19 28 30 31 35 38 42
1 6 10 15 19 28 30 31 35 38 42
1 6 10 15 19 28 30 31 35 38 43
1 6 10 15 19 28 30 31 35 38 46
1 6 10 15 19 28 30 31 35 38 42
1 6 10 15 19 28 30 31 35 38 42
1 6 10 15 19 28 30 31 35 38 42
1 6 10 15 19 28 30 31 35 38 42
1 6 10 15 19 28 30 31 35 38 42
1 6 10 15 19 28 30 31 35 38 46
1 6 10 15 19 28 30 31 35 38 42
1 6 10 15 19 28 30 31 35 38 42
1 6 10 15 19 28 30 31 35 38 42
1 6 10 15 19 28 30 31 35 38 42
1 6 10 15 19 28 30 31 35 38 42
1 6 10 15 19 28 30 31 35 38 42
1 6 10 15 19 28 30 31 35 38 42
1 6 10 15 19 28 30 31 35 38 42
1 6 10 15 19 28 30 31 35 38 42
1 6 10 15 19 28 30 31 35 38 42
1 6 10 15 19 28 30 31 35 38 42
1 6 10 15 19 28 30 31 35 38 42
1 6 10 15 19 28 30 31 35 38 42
1 6 10 15 19 28 30 31 35 38 42
1 6 10 15 19 28 30 31 35 38 42
1 6 10 15 19 28 30 31 35 38 42
1 9 10 15 19 28 30 31 35 38 42
1 6 10 15 19 28 30 31 35 38 42
1 6 10 15 19 28 30 31 35 38 42
1 6 10 15 19 28 30 31 35 38 42
1 6 10 15 19 28 30 31 35 38 42
1 6 10 15 19 28 30 31 35 38 42
1 6 10 15 19 28 30 31 35 38 42
1 9 10 18 19 28 30 31 35 38 43
1 6 10 15 19 28 30 31 35 38 42
1 6 10 15 19 28 30 31 35 38 42
1 6 10 15 19 28 30 31 35 38 43
1 6 10 15 22 28 30 31 35 38 42
1 6 10 15 19 28 30 31 35 38 43
1 6 10 15 19 28 30 31 35 38 42
1 6 10 15 19 28 30 31 35 38 42
1 6 10 15 19 28 30 31 35 38 42
1 6 10 15 19 28 30 31 35 38 42
1 6 10 15 19 28 30 31 35 38 42
1 6 10 15 22 28 30 31 35 38 42
1 6 10 15 19 28 30 31 35 38 42
1 6 10 15 19 28 30 31 35 38 42
1 6 10 15 19 28 30 31 35 38 42
1 6 10 15 19 28 30 31 35 38 42
1 6 10 15 19 28 30 31 35 38 42
1 6 10 15 19 28 30 31 35 38 42
1 6 10 15 19 28 30 31 35 38 46
1 6 10 15 19 28 30 31 35 38 42
1 6 10 15 19 28 30 31 35 38 42
1 6 10 15 19 28 30 31 35 38 42
1 6 10 15 19 28 30 31 35 38 42
1 6 10 15 19 28 30 31 35 38 43
1 6 10 15 19 28 30 31 35 38 42
1 6 10 15 19 28 30 31 35 38 42
1 6 10 15 19 28 30 31 35 38 42
1 6 10 15 19 28 30 31 35 38 42
1 6 10 15 19 28 30 31 35 38 42
1 6 10 15 19 28 30 31 35 38 42
1 6 10 15 19 28 30 31 35 38 42
1 6 10 15 19 28 30 31 35 38 42
1 6 10 15 19 28 30 31 35 38 42
1 6 10 15 19 28 30 31 35 38 42
1 6 10 18 23 28 30 31 35 38 43
1 8 10 15 19 28 30 31 35 38 42
1 6 10 15 19 28 30 31 35 38 42
1 6 10 15 19 28 30 31 35 38 42
1 6 10 15 19 28 30 31 35 38 42
1 6 10 15 19 28 30 31 35 38 42
1 6 10 15 19 28 30 31 35 38 42
1 6 10 15 19 28 30 31 35 38 42
1 6 10 15 19 28 30 31 35 38 42
1 6 10 15 19 28 30 31 35 38 42
1 6 10 15 19 28 30 31 35 38 42
1 6 10 15 19 28 30 31 35 38 43
1 6 10 15 19 28 30 31 35 38 42
1 6 10 15 19 28 30 31 35 38 42
1 6 10 15 19 28 30 31 35 38 42
1 6 10 15 19 28 30 31 35 38 42
1 6 10 15 22 28 30 31 35 38 43
1 6 10 15 19 28 30 31 35 38 42
1 6 10 15 19 28 30 31 35 38 42
1 6 10 15 19 28 30 31 35 38 42
1 6 10 15 19 28 30 31 35 38 42
1 6 10 15 19 28 30 31 35 38 42
1 6 10 15 19 28 30 31 35 38 42
1 6 10 15 19 28 30 31 35 38 42
1 6 10 15 19 28 30 31 35 38 42
1 6 10 15 19 28 30 31 35 38 42
1 6 10 15 22 28 30 31 35 38 42
1 6 10 15 19 28 30 31 35 38 42
1 6 10 15 19 28 30 31 35 38 42
1 6 10 15 19 28 30 31 35 38 43
1 6 10 15 19 28 30 31 35 38 42
1 6 10 15 19 28 30 31 35 38 42
1 6 10 15 23 28 30 31 35 38 45
1 6 10 15 19 28 30 31 35 38 42
1 6 10 15 19 28 30 31 35 38 42
1 6 10 15 19 28 30 31 35 38 42
1 6 10 15 19 28 30 31 35 38 42
1 6 10 15 19 28 30 31 35 38 46
1 6 10 15 19 28 30 31 35 38 42
1 6 10 15 19 28 30 31 35 38 42
1 6 10 15 19 28 30 31 35 38 42
1 6 10 15 19 28 30 31 35 38 42
1 6 10 15 19 28 30 31 35 38 42
1 9 10 15 19 28 30 31 35 38 42
