1 6 10 15 19 28 30 31 35 38 42
1 9 10 18 19 28 30 31 35 38 43
1 6 10 15 19 28 30 31 35 38 42
1 6 10 15 19 28 30 31 35 38 42
1 6 10 15 19 28 30 31 35 38 42
1 6 10 15 19 28 30 31 35 38 42
1 6 10 15 19 28 30 31 35 38 42
1 6 10 15 19 28 30 31 35 38 42
1 8 10 15 19 28 30 31 35 38 42
1 6 10 15 19 28 30 31 35 38 42
1 6 10 15 19 28 30 31 35 38 42
1 6 10 15 23 28 30 31 35 38 45
1 6 10 15 19 28 30 31 35 38 42
1 6 10 15 19 28 30 31 35 38 42
1 6 10 15 19 28 30 31 35 38 42
1 6 10 15 19 28 30 31 35 38 42
1 6 10 15 19 28 30 31 35 38 42
1 6 10 15 19 28 30 31 35 38 42
1 6 10 15 19 28 30 31 35 38 46
1 6 10 15 19 28 30 31 35 38 42
1 6 10 15 19 28 30 31 35 38 42
1 6 10 15 19 28 30 31 35 38 42
1 6 10 15 19 28 30 31 35 38 42
1 6 10 15 19 28 30 31 35 38 42
1 6 10 15 21 28 30 31 35 38 42
1 6 10 15 19 28 30 31 35 38 42
1 6 10 15 19 28 30 31 35 38 42
1 6 10 15 19 28 30 31 35 38 42
1 6 10 15 19 28 30 31 35 38 42
1 6 10 15 19 28 30 31 35 38 42
1 6 10 15 19 28 30 31 35 38 42
1 6 10 15 19 28 30 31 35 38 42
1 6 10 15 19 28 30 31 35 38 42
1 6 10 15 19 28 30 31 35 38 42
1 6 10 15 19 28 30 31 35 38 42
1 6 10 15 19 28 30 31 35 38 42
1 6 10 15 19 28 30 31 35 38 42
1 6 10 15 19 28 30 31 35 38 42
1 6 10 15 19 28 30 31 35 38 42
1 6 10 15 19 28 30 31 35 38 42
1 6 10 15 19 28 30 31 35 38 42
1 6 10 15 19 28 30 31 35 38 42
1 6 10 15 19 28 30 31 35 38 42
1 6 10 15 19 28 30 31 35 38 42
1 6 10 15 19 28 30 31 35 38 42
1 6 10 15 19 28 30 31 35 38 42
1 6 10 15 19 28 30 31 35 38 42
1 6 10 15 19 28 30 31 35 38 42
1 6 10 15 19 28 30 31 35 38 42
1 6 10 15 19 28 30 31 35 38 42
1 6 10 15 19 28 30 31 35 38 42
1 6 10 15 19 28 30 31 35 38 42
1 6 10 15 19 28 30 31 35 38 42
1 6 10 15 19 28 30 31 35 38 42
1 6 10 15 19 28 30 31 35 38 42
1 6 10 15 19 28 30 31 35 38 42
1 6 10 15 19 28 30 31 35 38 42
1 6 10 15 19 28 30 31 35 38 42
1 6 10 15 19 28 30 31 35 38 42
1 6 10 15 19 28 30 31 35 38 42
1 6 10 15 19 28 30 31 35 38 42
1 6 10 15 19 28 30 31 35 38 43
1 9 10 15 19 28 30 31 35 38 42
1 6 10 15 19 28 30 31 35 38 42
1 6 10 15 19 28 30 31 35 38 42
1 6 10 15 19 28 30 31 35 38 42
1 6 10 15 19 28 30 31 35 38 42
1 6 10 15 19 28 30 31 35 38 46
1 6 10 15 19 28 30 31 35 38 42
1 6 10 16 22 28 30 31 35 38 43
1 6 10 15 19 28 30 31 35 38 42
1 6 10 15 19 28 30 31 35 38 42
1 6 10 15 19 28 30 31 35 38 46
1 6 10 15 19 28 30 31 35 38 42
1 6 10 15 19 28 30 31 35 38 42
1 6 10 15 19 28 30 31 35 38 42
1 6 10 15 19 28 30 31 35 38 42
1 6 10 15 19 28 30 31 35 38 42
1 6 10 15 19 28 30 31 35 38 42
1 6 10 15 19 28 30 31 35 38 42
1 6 10 15 19 24 30 31 35 38 43
1 6 10 15 19 28 30 31 35 38 42
1 6 10 15 19 28 30 31 35 38 42
1 6 10 15 19 28 30 31 35 38 42
1 6 10 15 19 28 30 31 35 38 42
1 6 10 15 19 28 30 31 35 38 42
1 6 10 15 19 28 30 31 35 38 46
1 6 10 15 19 28 30 31 35 38 42
1 6 10 15 19 28 30 31 35 38 42
1 6 10 15 19 28 30 31 35 38 42
1 6 10 15 19 28 30 31 35 38 42
1 6 10 15 19 28 30 31 35 38 42
1 6 10 15 19 28 30 31 35 38 42
1 6 10 15 19 28 30 31 35 38 42
1 6 10 15 19 28 30 31 35 38 42
1 6 10 15 19 28 30 31 35 38 42
1 6 10 15 19 28 30 31 35 38 42
1 6 10 15 23 28 30 31 35 38 42
1 6 10 15 19 28 30 31 35 38 42
1 6 10 15 19 28 30 31 35 38 42
1 6 10 15 19 28 30 31 35 38 42
1 6 10 15 19 28 30 31 35 38 42
1 6 10 15 19 28 30 31 35 38 42
1 6 10 15 19 28 30 31 35 38 42
1 6 10 15 19 28 30 31 35 38 42
1 6 10 15 19 28 30 31 35 38 44
1 6 10 15 19 28 30 31 35 38 42
1 6 10 15 19 28 30 31 35 38 42
1 6 10 15 21 28 30 31 35 38 42
1 6 10 15 19 28 30 31 35 38 43
1 6 10 15 19 28 30 31 35 38 42
1 6 10 15 19 28 30 31 35 38 42
1 6 10 15 19 28 30 31 35 38 42
1 6 10 15 19 28 30 31 35 38 42
1 6 10 15 19 28 30 31 35 38 42
1 6 10 15 21 28 30 31 35 38 42
1 6 10 15 19 28 30 31 35 38 42
1 8 10 15 19 28 30 31 35 38 42
1 6 10 15 19 28 30 31 35 38 42
1 6 10 15 19 28 30 31 35 38 42
1 6 10 15 19 28 30 31 35 38 42
1 6 10 15 19 28 30 31 35 38 42
1 6 10 15 19 28 30 31 35 38 42
1 6 10 15 19 28 30 31 35 38 42
1 6 10 15 19 28 30 31 35 38 42
1 6 10 15 19 28 30 31 35 38 42
1 6 10 15 19 28 30 31 35 38 42
1 6 10 15 19 28 30 31 35 38 42
1 6 10 15 19 28 30 31 35 38 42
1 6 10 15 19 28 30 31 35 38 42
1 6 10 15 19 28 30 31 35 38 42
1 6 10 15 19 28 30 31 35 38 42
1 6 10 15 19 28 30 31 35 38 42
1 9 10 15 19 28 30 31 35 38 42
1 6 10 15 19 28 30 31 35 38 42
1 6 10 15 19 28 30 31 35 38 42
1 6 10 15 19 28 30 31 35 38 42
1 6 10 15 19 28 30 31 35 38 42
1 6 10 15 23 28 30 31 35 38 43
1 6 10 15 19 28 30 31 35 38 42
1 6 10 15 19 28 30 31 35 38 42
1 6 10 15 19 28 30 31 35 38 42
1 6 10 15 19 28 30 31 35 38 42
1 6 10 15 19 28 30 31 35 38 42
1 6 10 15 19 28 30 31 35 38 42
1 6 10 15 19 28 30 31 35 38 42
1 6 10 15 19 28 30 31 35 38 42
1 6 10 15 19 28 30 31 35 38 42
1 6 10 15 19 28 30 31 35 38 42
1 6 10 15 19 28 30 31 35 38 42
1 6 10 15 19 24 30 31 35 38 46
1 6 10 15 19 28 30 31 35 38 42
1 6 10 15 19 28 30 31 35 38 42
1 6 10 15 19 28 30 31 35 38 42
1 6 10 15 19 28 30 31 35 38 42
1 6 10 15 19 28 30 31 35 38 42
1 6 10 15 19 28 30 31 35 38 42
1 6 10 15 19 28 30 31 35 38 42
1 6 10 15 19 28 30 31 35 38 42
1 6 10 15 19 28 30 31 35 38 42
1 6 10 15 19 28 30 31 35 38 42
1 6 10 15 19 28 30 31 35 38 42
1 6 10 15 19 28 30 31 35 38 42
1 6 10 15 19 28 30 31 35 38 42
1 6 10 15 19 28 30 31 35 38 42
1 6 10 15 19 28 30 31 35 38 46
1 6 10 15 19 28 30 31 35 38 42
1 6 10 15 19 28 30 31 35 38 42
1 6 10 15 19 28 30 31 35 38 42
1 6 10 15 19 28 30 31 35 38 42
1 6 10 15 19 28 30 31 35 38 42
1 6 10 15 19 28 30 31 35 38 42
1 6 10 15 19 28 30 31 35 38 42
1 6 10 15 19 28 30 31 35 38 42
1 6 10 15 19 28 30 31 35 38 42
1 6 10 15 19 28 30 31 35 38 42
1 6 10 15 19 28 30 31 35 38 42
1 6 10 15 23 28 30 31 35 38 45
1 6 10 15 19 28 30 31 35 38 42
1 6 10 15 19 28 30 31 35 38 42
1 6 10 15 19 28 30 31 35 38 42
1 6 10 15 19 28 30 31 35 38 42
5 6 10 15 19 28 30 31 35 38 45
1 6 10 15 19 28 30 31 35 38 42
1 6 10 15 19 28 30 31 35 38 42
1 6 10 15 19 28 30 31 35 38 42
1 6 10 15 19 28 30 31 35 38 42
1 6 10 15 20 28 30 31 35 38 43
1 6 10 15 19 28 30 31 35 38 42
1 6 10 15 19 28 30 31 35 38 42
1 6 10 15 19 28 30 31 35 38 42
1 6 10 15 19 28 30 31 35 38 43
1 6 10 15 19 28 30 31 35 38 42
1 6 10 15 19 28 30 31 35 38 42
1 6 10 15 19 28 30 31 35 38 42
1 6 10 15 19 28 30 31 35 38 42
1 6 10 15 19 28 30 31 35 38 42
1 6 10 15 19 28 30 31 35 38 42
1 6 10 15 19 28 30 31 35 38 42
1 6 10 15 19 28 30 31 35 38 42
1 6 10 15 19 28 30 31 35 38 42
1 6 10 15 19 28 30 31 35 38 42
1 6 10 15 19 28 30 31 35 38 42
1 6 10 15 19 28 30 31 35 38 42
1 6 10 15 19 28 30 31 35 38 42
1 6 10 15 19 28 30 31 35 38 42
1 6 10 15 19 28 30 31 35 38 42
1 6 10 15 19 28 30 31 35 38 42
1 6 10 15 19 28 30 31 35 38 42
1 6 10 15 19 28 30 31 35 38 42
1 6 10 15 19 28 30 31 35 38 42
1 6 10 15 19 28 30 31 35 38 42
1 6 10 15 19 28 30 31 35 38 42
1 6 10 15 19 28 30 31 35 38 42
1 6 10 15 19 28 30 31 35 38 42
1 6 10 15 19 28 30 31 35 38 42
1 6 10 15 19 28 30 31 35 38 42
1 6 10 15 19 28 30 31 35 38 42
1 6 10 15 19 28 30 31 35 38 42
1 6 10 15 19 28 30 31 35 38 42
1 6 10 15 19 28 30 31 35 38 42
1 6 10 15 19 28 30 31 35 38 42
1 6 10 15 19 28 30 31 35 38 42
1 6 10 15 19 28 30 31 35 38 42
1 6 10 15 19 28 30 31 35 38 42
1 6 10 15 19 28 30 31 35 38 42
1 6 10 15 19 28 30 31 35 38 42
1 6 10 15 19 28 30 31 35 38 42
1 6 10 18 22 28 30 31 35 38 43
1 6 10 15 19 28 30 31 35 38 42
1 6 10 15 19 28 30 31 35 38 42
1 6 10 15 19 28 30 31 35 38 42
1 6 10 15 19 28 30 31 35 38 42
1 6 10 15 19 28 30 31 35 38 42
1 6 10 15 19 28 30 31 35 38 42
1 6 10 15 19 28 30 31 35 38 42
1 6 10 15 19 28 30 31 35 38 42
1 6 10 15 19 28 30 31 35 38 42
1 6 10 15 19 28 30 31 35 38 42
1 6 10 15 19 28 30 31 35 38 42
1 6 10 15 19 28 30 31 35 38 42
1 6 10 15 19 28 30 31 35 38 42
1 6 10 15 22 28 30 31 35 38 42
1 6 10 15 19 28 30 31 35 38 42
1 6 10 15 19 28 30 31 35 38 42
1 6 10 15 19 28 30 31 35 38 42
1 6 10 15 19 28 30 31 35 38 42
1 6 10 15 19 28 30 31 35 38 42
1 6 10 15 19 28 30 31 35 38 42
1 6 10 15 19 28 30 31 35 38 42
1 6 10 15 19 28 30 31 35 38 42
1 6 10 15 19 28 30 31 35 38 42
1 6 10 15 19 28 30 31 35 38 42
1 6 10 15 19 28 30 31 35 38 42
1 6 10 15 19 28 30 31 35 38 42
1 6 10 15 19 28 30 31 35 38 42
1 6 10 15 19 28 30 31 35 38 42
1 6 10 15 19 28 30 31 35 38 42
1 6 10 15 19 28 30 31 35 38 42
1 6 10 15 19 28 30 31 35 38 42
1 6 10 15 19 28 30 31 35 38 42
1 6 10 15 19 28 30 31 35 38 42
1 6 10 15 19 28 30 31 35 38 42
1 6 10 15 19 28 30 31 35 38 42
1 6 10 15 19 28 30 31 35 38 42
1 6 10 15 19 28 30 31 35 38 42
1 6 10 15 19 28 30 31 35 38 42
1 6 10 15 19 28 30 31 35 38 42
1 6 10 15 19 28 30 31 35 38 42
1 6 10 15 19 28 30 31 35 38 42
1 6 10 15 19 28 30 31 35 38 42
1 6 10 15 19 28 30 31 35 38 46
1 6 10 15 19 28 30 31 35 38 42
1 6 10 15 19 28 30 31 35 38 42
1 6 10 15 19 28 30 31 35 38 42
1 6 10 15 19 28 30 31 35 38 42
1 6 10 15 19 28 30 31 35 38 42
1 6 10 15 19 28 30 31 35 38 42
1 6 10 15 19 28 30 31 35 38 42
1 6 10 15 19 28 30 31 35 38 42
1 6 10 15 19 28 30 31 35 38 42
1 6 10 15 19 28 30 31 35 38 42
1 6 10 15 19 28 30 31 35 38 42
1 6 10 15 19 28 30 31 35 38 42
1 6 10 15 19 28 30 31 35 38 42
1 6 10 15 19 28 30 31 35 38 42
1 6 10 15 19 28 30 31 35 38 42
1 6 10 15 19 28 30 31 35 38 42
1 6 10 15 19 28 30 31 35 38 42
1 6 10 15 19 28 30 31 35 38 42
1 6 10 15 19 28 30 31 35 38 42
1 6 10 15 19 28 30 31 35 38 42
1 6 10 15 19 28 30 31 35 38 42
1 6 10 15 19 28 30 31 35 38 42
1 6 10 15 23 28 30 31 35 38 42
1 6 10 15 19 28 30 31 35 38 43
1 6 10 15 19 28 30 31 35 38 42
1 6 10 15 19 28 30 31 35 38 42
1 6 10 15 19 28 30 31 35 38 42
1 6 10 15 19 28 30 31 35 38 42
1 6 10 15 19 28 30 31 35 38 42
1 6 10 15 19 28 30 31 35 38 42
1 6 10 15 19 28 30 31 35 38 42
1 6 10 15 19 28 30 31 35 38 42
1 6 10 15 19 28 30 31 35 38 42
1 6 10 15 19 28 30 31 35 38 42
1 6 10 15 19 28 30 31 35 38 42
1 6 10 15 19 28 30 31 35 38 42
1 6 10 15 19 28 30 31 35 38 42
1 6 10 15 19 28 30 31 35 38 42
1 6 10 15 19 28 30 31 35 38 42
1 6 10 15 19 28 30 31 35 38 42
1 6 10 15 19 28 30 31 35 38 42
1 6 10 16 22 28 30 31 35 38 43
1 6 10 15 19 28 30 31 35 38 42
1 6 10 15 19 28 30 31 35 38 42
1 6 10 15 19 28 30 31 35 38 42
2 6 10 15 21 28 30 34 37 38 44
1 6 10 15 19 28 30 31 35 38 42
1 6 10 15 19 28 30 31 35 38 42
1 6 10 15 19 28 30 31 35 38 42
1 6 10 15 19 28 30 31 35 38 42
1 6 10 15 19 28 30 31 35 38 42
1 6 10 15 19 28 30 31 35 38 42
1 6 10 15 19 28 30 31 35 38 42
1 6 10 15 19 28 30 31 35 38 42
1 6 10 15 19 28 30 31 35 38 42
1 6 10 15 19 28 30 31 35 38 42
1 6 10 15 19 28 30 31 35 38 42
1 6 10 15 23 28 30 31 35 38 43
1 6 10 15 19 28 30 31 35 38 42
1 6 10 15 19 28 30 31 35 38 42
1 6 10 15 19 28 30 31 35 38 42
1 6 10 15 19 28 30 31 35 38 42
1 6 10 15 19 28 30 31 35 38 42
1 6 10 15 19 28 30 31 35 38 42
1 6 10 15 19 28 30 31 35 38 42
1 6 10 15 19 28 30 31 35 38 46
1 6 10 15 19 28 30 31 35 38 43
1 8 10 15 19 28 30 31 35 38 42
1 6 10 15 19 28 30 31 35 38 42
1 6 10 15 19 28 30 31 35 38 42
1 6 10 15 19 28 30 31 35 38 42
1 6 10 15 19 28 30 31 35 38 42
1 6 10 15 19 28 30 31 35 38 42
1 6 10 15 19 28 30 31 35 38 42
1 6 10 15 19 28 30 31 35 38 42
1 6 10 15 19 28 30 31 35 38 42
1 6 10 15 19 28 30 31 35 38 42
1 6 10 15 19 28 30 31 35 38 42
1 6 10 15 19 28 30 31 35 38 42
1 6 10 15 19 28 30 31 35 38 42
1 6 10 15 19 28 30 31 35 38 42
1 6 10 15 19 28 30 31 35 38 42
1 6 10 15 19 28 30 31 35 38 42
1 6 10 15 19 28 30 31 35 38 42
1 6 10 15 19 28 30 31 35 38 42
1 6 10 15 19 28 30 31 35 38 42
1 6 10 15 19 28 30 31 35 38 42
1 6 10 15 19 28 30 31 35 38 46
1 6 10 15 19 28 30 31 35 38 42
1 6 10 15 19 28 30 31 35 38 42
1 6 10 15 19 28 30 31 35 38 42
1 6 10 15 19 28 30 31 35 38 42
1 6 10 15 19 28 30 31 35 38 42
1 6 10 15 19 28 30 31 35 38 42
1 6 10 15 19 28 30 31 35 38 42
1 6 10 15 19 28 30 31 35 38 42
1 6 10 15 19 28 30 31 35 38 42
1 6 10 15 19 28 30 31 35 38 42
1 6 10 15 20 28 30 31 35 38 43
1 6 10 15 19 28 30 31 35 38 42
1 6 10 15 19 28 30 31 35 38 42
1 6 10 15 19 28 30 31 35 38 42
1 6 10 15 19 28 30 31 35 38 42
1 6 10 15 19 28 30 31 35 38 42
1 6 10 15 19 28 30 31 35 38 42
1 6 10 15 19 28 30 31 35 38 42
1 6 10 15 19 28 30 31 35 38 42
1 6 10 15 19 27 30 31 35 38 46
1 6 10 15 19 28 30 31 35 38 42
1 6 10 15 19 28 30 31 35 38 42
1 6 10 15 19 28 30 31 35 38 42
1 6 10 15 19 28 30 31 35 38 42
1 6 10 15 19 28 30 31 35 38 43
1 6 10 15 19 28 30 31 35 38 42
1 6 10 15 19 28 30 31 35 38 42
1 6 10 15 19 28 30 31 35 38 42
1 6 10 15 19 28 30 31 35 38 42
1 6 10 15 19 28 30 31 35 38 42
1 6 10 15 19 28 30 31 35 38 42
1 6 10 15 19 28 30 31 35 38 42
1 6 10 15 19 28 30 31 35 38 42
1 6 10 15 19 28 30 31 35 38 42
1 6 10 15 19 28 30 31 35 38 42
1 6 10 15 19 28 30 31 35 38 42
1 6 10 15 19 28 30 31 35 38 42
1 6 10 15 19 28 30 31 35 38 42
1 6 10 15 19 28 30 31 35 38 42
1 6 10 15 19 28 30 31 35 38 42
1 6 10 15 19 28 30 31 35 38 42
1 6 10 15 19 28 30 31 35 38 42
1 7 10 18 19 28 30 31 35 38 43
1 6 10 15 19 28 30 31 35 38 42
1 6 10 15 19 28 30 31 35 38 42
1 6 10 15 19 28 30 31 35 38 42
1 6 10 15 23 28 30 31 35 38 45
1 6 10 15 19 28 30 31 35 38 43
4 6 14 15 19 25 30 31 36 41 46
1 6 10 15 19 28 30 31 35 38 42
1 6 10 15 19 28 30 31 35 38 42
1 6 10 15 23 28 30 31 35 38 43
1 6 10 15 19 28 30 31 35 38 42
1 6 10 15 19 28 30 31 35 38 42
1 6 10 15 19 28 30 31 35 38 42
1 6 10 15 19 28 30 31 35 38 42
1 6 10 15 19 28 30 31 35 38 46
1 6 10 15 19 28 30 31 35 38 42
1 6 10 15 19 28 30 31 35 38 42
1 6 10 15 19 28 30 31 35 38 42
1 6 10 15 19 28 30 31 35 38 42
1 6 10 15 19 28 30 31 35 38 42
1 6 10 15 19 28 30 31 35 38 42
1 6 10 15 19 28 30 31 35 38 42
1 6 10 15 19 28 30 31 35 38 42
1 6 10 15 19 28 30 31 35 38 42
1 6 10 15 19 28 30 31 35 38 42
1 6 10 15 19 28 30 31 35 38 42
1 6 10 15 19 28 30 31 35 38 42
1 6 10 15 19 28 30 31 35 38 42
1 6 10 15 19 28 30 31 35 38 42
1 6 10 15 19 28 30 31 35 38 42
1 6 10 15 19 28 30 31 35 38 42
1 6 10 15 19 28 30 31 35 38 45
1 6 10 15 19 28 30 31 35 38 42
1 6 10 15 19 28 30 31 35 38 43
1 6 10 15 19 28 30 31 35 38 42
1 6 10 15 19 28 30 31 35 38 42
1 6 10 15 19 28 30 31 35 38 42
1 6 10 15 19 28 30 31 35 38 42
1 6 10 15 19 28 30 31 35 38 42
1 6 10 15 19 28 30 31 35 38 42
1 6 10 15 19 28 30 31 35 38 42
1 6 10 15 19 28 30 31 35 38 42
1 6 10 15 19 28 30 31 35 38 42
1 6 10 15 19 28 30 31 35 38 42
1 6 10 15 19 28 30 31 35 38 42
1 6 10 15 19 28 30 31 35 38 42
1 6 10 15 19 28 30 31 35 38 42
1 6 10 15 19 28 30 31 35 38 42
1 6 10 15 19 28 30 31 35 38 42
1 9 10 18 19 28 30 31 35 38 43
1 6 10 15 19 28 30 31 35 38 42
1 6 10 15 19 28 30 31 35 38 42
1 6 10 15 19 28 30 31 35 38 43
1 6 10 15 19 28 30 31 35 38 42
1 6 10 15 19 28 30 31 35 38 42
1 6 10 15 19 28 30 31 35 38 42
1 6 10 15 19 28 30 31 35 38 42
1 6 10 15 19 28 30 31 35 38 42
1 6 10 15 19 28 30 31 35 38 42
1 6 10 15 19 28 30 31 35 38 42
1 6 10 15 19 28 30 31 35 38 42
1 6 10 15 19 28 30 31 35 38 42
1 6 10 15 19 28 30 31 35 38 42
1 6 10 15 19 28 30 31 35 38 42
1 6 10 15 19 28 30 31 35 38 42
1 6 10 15 19 28 30 31 35 38 42
1 6 10 15 19 28 30 31 35 38 42
1 6 10 15 19 28 30 31 35 38 42
1 6 10 15 19 28 30 31 35 38 42
1 6 10 15 19 28 30 31 35 38 42
1 6 10 15 19 28 30 31 35 38 42
1 6 10 15 19 28 30 31 35 38 42
1 6 10 15 19 28 30 31 35 38 42
1 6 10 15 19 28 30 31 35 38 42
1 6 10 15 19 28 30 31 35 38 42
1 6 10 15 19 28 30 31 35 38 42
1 6 10 15 19 28 30 31 35 38 42
1 6 10 15 19 28 30 31 35 38 42
1 6 10 15 19 28 30 31 35 38 42
1 6 10 18 19 28 30 31 35 38 42
1 6 10 15 19 28 30 31 35 38 42
1 6 10 15 19 28 30 31 35 38 46
1 6 10 15 19 28 30 31 35 38 42
1 6 10 15 19 28 30 31 35 38 42
1 6 10 15 19 28 30 31 35 38 42
1 6 10 15 19 28 30 31 35 38 42
1 6 10 15 19 28 30 31 35 38 43
1 6 10 15 19 28 30 31 35 38 46
1 6 10 15 19 28 30 31 35 38 42
1 6 10 15 19 28 30 31 35 38 43
1 6 10 15 19 28 30 31 35 38 42
1 6 10 15 19 28 30 31 35 38 42
1 6 10 15 19 28 30 31 35 38 42
1 6 10 15 19 28 30 31 35 38 42
1 6 10 15 19 28 30 31 35 38 42
1 6 10 15 19 28 30 31 35 38 42
1 6 10 15 19 28 30 31 35 38 42
1 6 10 15 19 28 30 31 35 38 42
1 6 10 15 19 28 30 31 35 38 42
1 6 10 15 19 28 30 31 35 38 42
1 6 10 15 19 28 30 31 35 38 42
1 6 10 15 19 28 30 31 35 38 42
1 6 10 15 19 28 30 31 35 38 42
1 6 10 15 19 28 30 31 35 38 42
1 9 10 18 19 28 30 31 35 38 43
1 6 10 15 19 28 30 31 35 38 42
1 6 10 15 21 28 30 31 35 38 42
1 6 10 15 19 28 30 31 35 38 42
1 6 10 15 19 28 30 31 35 38 42
1 6 10 15 19 28 30 31 35 38 42
1 6 10 15 19 28 30 31 35 38 42
1 6 10 15 19 28 30 31 35 38 42
1 6 10 15 19 28 30 31 35 38 42
1 6 10 15 19 28 30 31 35 38 42
1 6 10 15 19 28 30 31 35 38 42
1 6 10 15 19 28 30 31 35 38 42
1 6 10 15 19 28 30 31 35 38 42
1 6 10 15 19 28 30 31 35 38 42
1 6 10 15 19 28 30 31 35 38 42
1 6 10 15 19 28 30 31 35 38 42
1 6 10 15 19 28 30 31 35 38 42
1 6 10 15 19 28 30 31 35 38 42
1 6 10 15 19 28 30 31 35 38 46
1 6 10 15 19 28 30 31 35 38 42
1 6 10 15 19 28 30 31 35 38 42
1 6 10 15 19 28 30 31 35 38 42
1 6 10 15 19 28 30 31 35 38 42
1 6 10 15 19 28 30 31 35 38 42
1 6 10 15 19 28 30 31 35 38 46
1 6 10 15 19 28 30 31 35 38 43
1 6 10 15 19 28 30 31 35 38 42
1 6 10 15 19 28 30 31 35 38 42
1 6 10 15 19 28 30 31 35 38 42
1 6 10 15 19 28 30 31 35 38 42
1 6 10 15 19 28 30 31 35 38 42
1 6 10 15 19 28 30 31 35 38 42
1 6 10 15 19 28 30 31 35 38 42
1 6 10 15 19 28 30 31 35 38 42
1 6 10 15 19 28 30 31 35 38 42
1 6 10 15 19 28 30 31 35 38 42
1 6 10 15 19 28 30 31 35 38 42
1 6 10 15 23 28 30 31 35 38 43
1 6 10 15 23 28 30 31 35 38 42
1 6 10 15 19 28 30 31 35 38 42
1 6 10 15 19 28 30 31 35 38 42
