1 5 9 14 19 23 27 32 37
1 5 9 14 19 23 27 32 38
1 5 9 14 19 23 27 33 37
1 5 9 16 19 23 27 32 38
1 8 9 17 19 23 27 32 38
1 6 9 15 19 23 27 32 37
1 8 9 14 19 26 27 32 38
1 5 9 14 19 23 27 32 37
1 5 9 14 19 23 27 32 38
1 5 9 14 19 23 27 32 37
1 5 9 14 22 23 27 33 38
1 5 9 14 19 23 27 32 37
1 5 9 14 19 23 27 32 38
1 5 9 14 19 23 27 36 37
1 5 9 14 19 23 27 32 37
1 5 9 14 19 23 27 32 37
1 5 9 14 19 23 27 32 37
1 5 9 14 19 23 27 32 37
1 8 9 14 22 23 27 32 38
1 8 9 14 19 23 27 32 38
1 5 9 18 19 23 27 32 37
1 5 9 14 19 23 27 32 37
2 8 9 14 19 23 30 32 38
1 5 9 14 19 23 27 32 37
1 5 9 14 19 23 27 32 37
1 8 9 17 19 26 27 32 37
1 5 9 14 19 23 27 32 37
1 5 9 14 19 23 27 32 37
1 5 9 14 19 23 27 32 38
1 5 9 14 19 23 27 32 37
1 5 9 14 19 23 27 32 38
1 5 13 14 19 23 27 32 37
1 5 9 14 19 23 27 32 37
1 5 9 14 19 23 27 32 37
1 5 9 18 19 26 29 32 37
1 5 9 14 19 23 27 32 37
1 5 9 14 19 23 27 32 37
1 5 10 16 19 23 30 32 38
1 5 9 14 19 23 27 36 37
1 8 9 14 22 23 27 36 38
1 8 9 14 19 23 27 32 38
1 5 9 14 19 23 27 32 37
1 5 9 16 22 23 27 32 37
4 5 9 17 19 23 27 36 38
1 5 9 14 19 23 27 32 37
1 7 9 17 19 23 27 32 38
1 5 9 15 19 23 27 32 38
1 5 9 14 19 23 28 32 38
1 5 9 14 19 23 27 32 37
2 5 9 14 19 23 27 36 37
1 5 9 14 19 23 27 32 37
2 5 9 14 19 23 27 32 37
1 5 9 14 19 23 27 36 37
1 6 9 14 19 24 27 33 37
1 5 9 14 19 23 27 32 37
1 5 9 14 19 23 27 32 38
2 5 9 14 19 23 27 36 37
1 6 9 14 19 23 27 32 37
1 8 10 14 19 23 31 32 37
3 5 9 14 19 23 27 32 38
1 5 9 17 19 26 27 32 38
2 5 9 14 19 23 27 32 38
3 5 9 14 19 23 27 32 37
1 5 9 14 19 23 27 32 37
1 8 9 14 19 23 27 32 38
1 8 9 14 19 23 27 36 37
1 5 9 14 19 23 27 32 37
1 5 9 14 19 23 27 32 37
1 5 9 16 19 23 27 32 37
1 7 9 14 19 23 27 35 38
1 5 9 14 19 23 27 32 37
1 5 9 14 19 23 27 32 37
4 5 9 14 19 23 27 32 38
1 5 9 14 19 23 27 32 37
1 5 9 14 19 23 27 32 37
1 5 9 14 19 23 27 32 37
1 5 9 14 19 23 29 32 38
