1 5 9 14 19 23 27 32 37
1 5 9 14 19 23 27 32 37
1 5 9 14 19 23 27 32 37
1 5 9 14 19 23 27 34 37
1 5 9 14 19 23 30 32 37
1 5 9 14 19 23 31 32 37
1 5 9 14 19 23 27 32 37
1 8 9 14 19 23 30 32 38
1 5 9 14 19 23 27 32 38
1 5 9 15 19 25 27 32 37
1 5 9 14 19 23 27 32 38
1 5 9 14 19 23 27 32 37
1 8 9 14 19 23 27 32 38
1 5 9 14 19 23 27 32 37
1 5 9 14 19 23 27 32 37
1 5 9 14 19 23 27 32 38
1 8 9 14 19 23 27 32 38
2 5 10 14 19 23 27 32 38
1 5 9 14 19 23 27 32 37
1 5 9 14 19 23 27 32 37
1 8 9 14 19 23 27 32 38
1 5 9 14 19 23 27 32 37
1 5 9 14 19 23 27 32 37
1 5 9 14 19 23 27 32 37
1 5 9 14 19 23 27 32 37
1 6 9 14 19 23 27 32 38
1 5 9 14 19 23 27 32 37
1 8 9 14 19 23 31 32 38
1 8 9 14 19 23 27 32 37
1 5 9 14 19 23 27 32 37
1 5 9 14 19 23 27 33 38
1 8 9 14 19 23 27 33 38
1 6 9 14 19 23 27 36 37
4 5 9 14 19 23 27 32 38
1 8 9 14 19 23 27 32 38
2 8 9 14 19 23 27 32 38
3 5 9 14 19 23 27 36 37
1 5 9 14 20 25 27 32 38
1 5 9 14 19 23 27 32 37
1 8 9 14 19 23 27 32 38
1 5 9 14 19 23 27 32 37
1 8 9 14 19 23 27 33 38
1 5 9 14 19 23 27 32 37
1 5 9 14 19 23 27 32 37
1 5 9 14 19 23 30 32 38
1 5 9 17 19 23 27 32 38
1 5 9 14 19 23 27 32 37
1 8 9 14 19 23 27 32 38
1 6 9 14 19 23 27 36 38
1 5 9 14 19 25 27 32 38
1 5 9 14 19 23 27 32 37
1 5 9 14 19 23 27 32 37
1 8 9 14 22 23 27 32 38
1 5 9 14 19 23 27 32 37
1 5 9 14 19 23 27 32 37
1 5 9 14 19 23 27 32 37
1 5 9 14 19 23 27 32 37
1 8 9 17 19 23 30 32 38
1 5 9 14 19 23 27 36 37
1 8 9 14 22 26 27 32 37
3 5 9 14 19 23 27 32 37
1 5 9 14 19 23 27 32 37
1 5 9 14 19 23 27 32 37
1 5 9 14 19 23 27 32 37
1 5 9 16 19 23 27 32 38
1 8 11 17 19 23 27 32 38
1 5 9 14 19 23 27 32 37
4 5 9 14 19 23 27 32 37
1 5 9 14 19 23 27 32 37
1 8 9 14 19 23 27 32 37
1 5 9 14 19 23 27 32 37
1 5 9 14 19 23 27 32 38
1 5 9 14 19 23 27 32 38
1 5 9 14 19 23 27 32 37
1 8 9 14 19 23 27 32 38
1 5 9 14 19 23 27 32 37
1 5 9 14 19 23 27 32 37
