5 8 12 14 16 20 24 27 29 33 35 38 41 42 46 48 50 52 56 57 62 65 67 70 72 74 77 80 84 87 89 91 93 95 97 114
4 8 12 14 16 18 22 27 29 32 35 38 41 42 46 48 50 52 55 57 59 63 67 69 72 74 77 79 83 87 89 91 93 95 97 113
2 9 10 14 16 19 23 27 31 32 35 38 39 44 47 48 50 53 55 57 59 63 67 69 72 74 77 79 83 87 89 91 93 95 97 105
6 8 12 14 16 19 22 27 29 33 36 38 39 44 47 48 50 52 56 57 62 63 68 70 72 74 77 79 86 87 89 91 93 95 97 100
4 8 12 14 16 20 25 27 29 33 35 38 41 42 46 48 50 52 56 57 62 64 68 69 72 74 77 79 83 87 89 91 93 95 97 107
2 9 12 13 16 21 23 27 30 34 36 38 39 44 47 48 50 52 56 57 61 65 67 69 72 74 77 82 86 87 89 91 93 95 97 103
6 8 12 14 16 21 22 26 30 33 35 38 41 42 46 49 50 52 55 57 59 63 67 69 72 74 77 79 83 87 89 91 93 95 97 113
3 9 12 14 19 23 36 38 39 44 47 48 50 52 56 62 65 69 72 74 77 98 103
7 8 12 15 16 21 25 26 30 33 35 38 41 42 46 48 50 52 55 57 59 63 67 69 72 74 77 79 83 87 89 91 93 95 97 113
5 8 10 15 16 21 25 27 30 33 36 38 39 44 47 48 50 52 56 57 59 66 67 69 72 76 78 79 86 87 89 91 93 95 97 101
2 8 12 14 16 19 23 27 29 32 35 38 41 42 46 48 50 52 55 57 59 63 67 69 72 74 77 79 83 87 89 91 93 95 97 107
4 9 12 15 20 23 36 38 56 62 65 69 72 74 77 98 103
2 8 12 14 16 19 23 27 30 33 36 38 39 44 47 48 50 52 56 57 61 65 67 70 72 74 77 79 83 88 89 92 93 95 97 111
7 8 12 15 16 19 25 26 30 32 35 38 41 42 46 48 50 52 56 57 62 65 67 70 72 74 77 80 84 87 89 91 93 95 97 114
4 9 11 14 19 23 36 38 39 44 47 48 50 52 56 62 65 69 72 74 77 98 103
6 8 12 14 16 20 22 27 30 32 36 38 39 44 47 48 50 52 56 57 62 63 68 70 72 74 77 79 86 87 89 91 93 95 97 100
3 19 23 36 38 55 81 88 89 94 99 116
2 9 12 14 16 20 25 27 29 34 35 38 41 42 46 49 50 52 55 57 59 63 67 69 72 74 77 79 83 87 89 91 93 95 97 107
5 8 12 13 16 18 22 26 29 34 35 38 41 42 45 48 50 52 55 57 59 66 67 69 72 74 77 79 83 88 89 92 93 95 97 110
6 9 10 14 16 21 25 27 29 33 35 38 39 44 47 48 50 53 55 57 59 63 67 69 72 74 77 79 83 87 89 91 93 95 97 105
7 8 12 15 16 20 22 26 29 33 35 38 41 42 46 48 50 52 56 57 62 65 67 70 72 74 77 80 84 87 89 91 93 95 97 114
6 8 10 14 17 21 25 27 29 34 36 38 41 42 46 48 50 52 56 58 59 66 67 69 72 75 77 79 86 87 89 91 93 95 97 104
5 8 12 14 16 19 24 27 29 32 35 38 41 42 46 48 50 52 56 57 62 65 67 70 72 74 77 80 84 87 89 91 93 95 97 114
2 9 11 14 16 19 22 26 30 34 35 38 40 43 45 49 50 52 55 57 59 63 67 69 72 74 77 79 83 87 89 91 94 95 98 109
5 9 11 14 16 20 25 26 29 34 35 38 40 42 45 49 50 52 55 57 59 63 67 69 72 74 77 79 83 87 89 91 93 95 97 108
3 24 38 39 44 47 51 117
6 9 12 14 17 19 23 27 30 33 35 38 41 42 46 48 50 52 55 57 59 63 67 69 72 74 77 79 83 87 89 91 93 95 97 113
2 8 12 14 16 19 23 27 29 32 35 38 41 42 46 49 50 52 56 57 62 64 68 69 72 74 77 79 83 87 89 91 93 95 97 107
6 9 12 14 16 21 24 26 29 34 35 38 41 42 46 48 50 52 56 57 62 65 67 70 72 74 77 80 84 87 89 91 93 95 97 114
5 8 10 14 16 21 24 27 29 33 35 38 39 44 47 48 50 52 56 57 59 63 67 69 72 75 77 79 83 87 89 91 93 95 97 104
4 8 12 14 16 19 23 27 30 32 35 38 41 42 46 48 50 52 56 57 62 65 67 70 72 74 77 80 84 87 89 91 93 95 97 114
7 8 12 15 16 20 24 26 29 33 35 38 41 42 45 48 50 52 56 57 59 66 67 69 72 74 77 80 84 88 89 92 93 95 97 110
7 9 12 15 16 21 23 26 30 34 35 38 41 42 46 48 50 52 56 57 62 65 67 70 72 74 77 80 84 87 89 91 93 95 97 114
4 8 12 14 16 18 22 27 29 33 35 38 41 42 46 48 50 52 55 57 59 63 67 69 72 74 77 79 83 87 89 91 93 95 97 113
2 9 12 15 21 23 36 38 56 59 65 71 72 74 77 98 103
2 9 12 14 20 23 36 38 56 61 65 71 72 74 77 98 103
4 9 11 14 20 23 36 38 56 62 65 69 72 74 77 98 103
5 8 11 13 17 21 24 28 29 34 36 37 39 44 47 48 50 52 56 58 59 66 67 69 72 75 77 79 86 87 89 91 93 95 97 104
5 9 11 15 21 23 36 38 56 62 65 69 72 74 77 98 103
5 9 12 14 16 18 25 26 29 34 35 38 41 42 46 48 50 52 55 57 59 63 67 69 72 74 77 79 83 87 89 91 93 95 97 113
4 9 12 15 20 23 36 38 56 61 65 69 72 74 77 98 103
7 8 12 13 17 20 24 26 29 32 35 37 39 44 47 48 50 52 56 58 59 66 67 69 72 74 77 80 84 88 89 92 93 95 97 110
5 8 12 14 16 19 24 27 29 33 35 38 41 42 46 48 50 52 55 57 59 63 67 69 72 74 77 79 83 87 89 91 93 95 97 114
2 9 12 14 16 20 25 27 29 34 35 38 41 42 46 49 50 52 55 57 59 63 67 69 72 74 77 79 83 87 89 91 93 95 97 107
2 9 10 14 16 21 25 27 31 32 35 38 39 44 47 48 50 53 55 57 59 63 67 69 72 74 77 79 83 87 89 91 93 95 97 105
2 9 12 14 20 23 36 38 56 60 65 69 72 74 77 98 103
3 9 12 15 19 23 36 38 56 60 65 69 72 74 77 98 103
1 9 11 14 16 19 23 27 29 32 36 38 39 44 47 48 50 52 56 57 60 65 67 69 72 74 77 82 86 87 89 91 93 95 97 103
6 8 12 14 16 20 25 26 30 33 35 38 41 42 46 48 50 52 56 57 62 65 67 70 72 74 77 80 84 87 89 91 93 95 97 114
5 9 12 14 16 21 24 27 29 34 35 38 41 42 46 48 50 52 55 57 59 63 67 69 72 74 77 79 83 87 89 91 93 95 97 113
7 8 12 15 16 20 24 26 30 33 35 38 41 42 46 48 50 52 55 57 59 63 67 69 72 74 77 79 83 87 89 91 93 95 97 113
7 8 12 14 16 19 23 26 31 32 35 38 41 42 46 48 50 52 55 57 59 63 67 69 72 74 77 79 83 87 89 91 93 95 97 113
5 8 10 14 16 20 24 27 29 33 36 38 39 44 47 48 50 52 56 57 59 66 67 69 72 76 78 79 86 87 89 91 93 95 97 101
4 8 12 13 17 20 24 27 29 33 35 38 40 42 46 48 50 54 55 57 59 63 67 69 72 74 77 79 83 88 90 91 93 95 97 106
7 8 10 15 17 18 24 27 29 32 36 38 39 44 47 48 50 52 56 58 59 66 67 69 72 76 78 79 86 87 89 91 93 95 97 101
2 8 10 14 17 18 22 27 29 32 35 38 41 42 46 48 51 52 55 57 59 63 67 69 72 74 77 79 83 87 89 91 93 95 97 112
3 9 12 13 16 19 24 27 29 34 35 38 40 43 45 49 51 52 55 57 59 63 67 69 72 74 77 79 83 87 89 91 93 95 98 109
6 8 12 14 16 19 23 26 29 32 35 38 41 42 45 48 50 52 56 57 59 66 67 69 72 74 77 80 84 88 89 92 93 95 97 110
5 8 12 14 16 20 25 27 30 33 35 38 41 42 46 48 50 52 56 57 62 64 67 70 72 74 77 80 84 87 89 91 93 95 97 114
5 8 12 14 16 19 22 27 29 32 35 38 41 42 46 48 50 52 56 57 62 65 67 70 72 74 77 80 84 87 89 91 93 95 97 114
6 9 12 14 16 21 25 28 29 34 35 38 41 42 46 48 50 52 56 57 59 66 68 70 72 74 77 79 83 87 89 91 93 95 97 107
6 8 12 14 16 18 25 26 29 32 35 38 41 42 46 48 50 52 55 57 59 63 67 69 72 74 77 79 83 87 89 91 93 95 97 113
5 8 12 14 16 18 22 26 30 33 35 37 39 44 47 48 50 52 56 57 59 66 67 69 72 74 77 79 83 88 89 92 93 95 97 110
5 8 12 15 17 18 22 26 29 34 35 38 41 42 45 48 50 52 55 58 59 66 67 69 72 74 77 80 84 88 89 92 93 95 97 110
3 8 12 14 16 20 24 27 29 33 35 38 41 42 46 49 50 52 56 57 62 64 68 69 72 74 77 79 83 87 89 91 93 95 97 107
6 8 12 14 17 20 24 26 31 32 35 38 41 42 46 48 50 52 56 58 62 64 67 69 72 74 77 79 83 87 89 91 93 95 97 114
4 9 11 14 21 23 36 38 56 62 65 69 72 74 77 98 103
4 8 12 14 16 19 22 26 29 32 35 38 41 42 46 48 50 52 55 57 59 63 67 69 72 74 77 79 83 87 89 91 93 95 97 114
2 8 12 14 16 21 25 27 29 32 35 38 41 42 46 48 50 52 55 57 59 63 67 69 72 74 77 79 83 87 89 91 93 95 97 107
