5 8 12 14 16 20 22 26 29 33 35 38 41 42 46 48 50 52 55 57 59 63 67 69 72 74 77 79 83 87 89 91 93 95 97 114
3 9 12 13 16 20 23 27 29 33 36 37 39 44 47 48 50 52 56 57 60 64 67 70 72 74 77 82 86 87 89 91 93 95 97 102
6 8 10 15 17 20 24 27 29 34 36 38 39 44 47 48 50 52 56 58 59 66 67 69 72 76 78 79 86 87 89 91 93 95 97 101
2 9 12 14 18 23 36 38 56 59 65 71 72 74 77 98 103
7 12 15 18 25 35 37 56 59 63 68 69 72 74 77 80 85 88 90 92 94 96 115
3 8 12 14 16 20 25 27 29 32 35 38 41 42 46 49 50 52 55 57 59 63 67 69 72 74 77 79 83 87 89 91 93 95 97 107
6 9 12 14 16 21 22 26 29 34 35 38 41 42 46 48 50 52 56 57 62 65 67 70 72 74 77 80 84 87 89 91 93 95 97 114
3 9 11 15 16 21 22 26 30 33 35 38 41 42 46 49 51 52 55 57 59 63 67 69 72 74 77 79 83 87 89 91 93 95 97 112
2 9 12 13 16 21 23 28 29 34 36 37 39 44 47 48 50 52 56 57 60 64 67 70 72 74 77 82 86 87 89 91 93 95 97 102
6 9 12 14 16 19 23 27 30 33 35 37 39 44 47 48 50 52 56 57 62 65 67 69 72 74 77 80 85 87 89 91 93 95 97 111
7 8 12 14 16 19 22 26 29 32 35 38 41 42 46 48 50 52 56 57 62 65 67 70 72 74 77 80 84 87 89 91 93 95 97 114
2 9 12 15 17 21 23 26 29 33 35 38 41 42 46 48 50 52 55 57 59 63 67 69 72 74 77 79 83 87 89 91 93 95 97 107
6 8 12 15 16 19 23 26 30 32 35 38 41 42 46 48 50 52 55 57 59 63 67 69 72 74 77 79 83 87 89 91 93 95 97 113
1 9 13 18 25 36 38 39 44 47 48 51 56 82 98 118
4 9 12 14 16 21 25 27 29 34 35 38 41 42 46 49 50 52 56 57 62 64 68 69 72 74 77 79 83 87 89 91 93 95 97 107
6 8 12 14 16 21 22 27 29 33 35 38 41 42 46 48 50 52 56 57 62 64 67 70 72 74 77 80 84 87 89 91 93 95 97 114
3 9 12 15 21 23 36 38 56 62 65 69 72 74 77 98 103
6 8 12 14 16 20 25 28 30 33 35 38 41 42 46 48 50 52 56 57 59 66 68 70 72 74 77 79 83 87 89 91 93 95 97 107
5 9 11 14 19 23 36 38 56 62 65 69 72 74 77 98 103
5 8 12 14 16 19 25 27 29 32 35 38 41 42 46 49 50 52 56 57 62 64 68 69 72 74 77 79 83 87 89 91 93 95 97 107
5 8 12 14 16 19 25 27 30 32 35 38 41 42 46 48 50 52 55 57 59 63 67 69 72 74 77 79 83 87 89 91 93 95 97 114
7 8 10 15 17 21 25 27 30 33 36 38 39 44 47 48 50 52 56 57 59 66 67 69 72 76 78 79 86 87 89 91 93 95 97 101
7 8 11 14 16 20 25 26 30 32 35 38 41 42 46 48 50 52 55 57 59 63 67 69 72 74 77 79 83 87 89 91 93 95 97 114
5 9 11 15 16 19 23 26 31 34 36 38 41 42 46 48 50 52 55 57 59 63 67 69 72 74 77 79 83 87 89 91 93 95 97 114
7 8 11 14 17 18 22 26 31 34 35 38 41 42 46 48 50 52 55 57 59 63 67 69 72 74 77 79 83 88 89 92 93 95 97 113
2 9 13 19 25 36 38 41 43 46 48 51 56 82 98 118
3 9 12 13 16 19 23 28 29 33 36 38 39 44 47 48 50 52 56 57 60 65 67 69 72 74 77 82 86 87 89 91 93 95 97 103
5 8 12 14 16 19 23 28 29 32 35 37 39 44 47 48 50 52 56 57 62 65 67 69 72 74 77 80 85 87 89 91 93 95 97 111
4 20 23 36 38 55 81 88 89 94 99 116
4 8 10 15 16 20 24 27 29 34 36 38 39 44 47 48 50 52 56 57 59 66 67 69 72 76 78 79 86 87 89 91 93 95 97 101
6 8 12 14 17 21 22 27 30 33 36 38 41 42 45 49 50 52 55 57 59 63 67 69 72 74 77 79 83 87 89 91 93 95 97 108
2 9 12 14 17 21 23 28 29 33 36 38 39 44 47 48 50 52 56 58 60 65 67 70 72 74 77 82 86 87 89 91 93 95 97 103
6 8 12 15 16 20 25 26 30 33 35 38 41 42 46 48 50 52 55 57 59 63 67 69 72 74 77 79 83 87 89 91 93 95 97 113
2 9 12 14 19 23 36 38 56 60 65 69 72 74 77 98 103
4 9 12 14 20 23 36 38 56 61 65 69 72 74 77 98 103
5 8 11 14 17 19 25 26 29 33 35 38 40 43 45 49 50 52 55 57 59 63 67 69 72 74 77 79 83 88 90 92 94 95 97 109
6 8 12 14 16 19 24 27 29 32 35 38 41 42 46 48 50 52 56 57 62 64 68 69 72 74 77 79 83 87 89 91 93 95 97 107
7 8 12 13 16 20 24 26 30 33 35 38 41 42 45 48 50 52 56 57 59 66 67 69 72 74 77 80 84 88 89 92 93 95 97 110
6 8 12 15 16 20 25 26 30 33 35 38 41 42 46 48 50 52 55 57 59 63 67 69 72 74 77 79 83 87 89 91 93 95 97 113
5 8 12 14 16 20 25 28 30 33 35 38 41 42 46 48 50 52 56 57 59 66 68 70 72 74 77 79 83 87 89 91 93 95 97 107
2 9 13 19 22 36 38 41 43 46 48 51 56 82 98 118
3 8 11 14 16 18 22 26 29 32 35 38 40 42 45 48 50 52 55 57 59 63 67 69 72 74 77 79 83 87 89 91 93 95 97 108
6 8 12 15 17 20 24 26 29 33 35 38 41 42 45 48 50 52 55 58 59 66 67 69 72 74 77 80 84 88 89 92 93 95 97 110
2 9 11 14 17 20 22 26 29 34 35 38 41 42 46 48 50 52 55 57 59 63 67 69 72 74 77 79 83 87 89 91 93 95 97 107
7 8 12 14 16 18 25 26 29 33 35 38 41 42 46 48 50 52 55 57 59 63 67 69 72 74 77 79 83 87 89 91 93 95 97 113
5 9 11 14 20 23 36 38 56 62 65 69 72 74 77 98 103
5 9 12 14 16 21 23 27 30 34 35 38 41 42 46 48 50 52 55 57 59 63 67 69 72 74 77 79 83 87 89 91 93 95 97 113
6 8 12 14 17 20 24 27 30 33 35 38 41 42 46 48 50 52 55 57 59 63 67 69 72 74 77 79 83 88 89 92 93 95 97 113
7 9 12 15 17 21 25 26 30 34 35 38 39 44 47 48 50 52 56 57 62 65 68 70 72 74 77 80 85 87 89 91 93 95 97 111
5 8 11 14 16 19 22 27 30 34 35 38 41 42 46 48 50 52 56 57 62 64 68 69 72 74 77 80 85 87 89 91 93 95 97 107
6 9 12 15 16 21 24 26 29 34 35 38 41 42 46 48 50 52 55 57 59 63 67 69 72 74 77 79 83 87 89 91 93 95 97 113
5 8 12 14 16 20 22 27 29 33 35 38 41 42 46 48 50 52 56 57 62 65 67 70 72 74 77 80 84 87 89 91 93 95 97 114
4 9 11 14 21 23 36 38 56 61 65 69 72 74 77 98 103
2 9 13 18 22 36 38 39 44 47 48 51 56 82 98 118
2 8 12 15 16 19 23 26 30 33 36 38 41 42 46 48 50 52 55 57 59 63 67 69 72 74 77 79 83 87 89 91 93 95 97 107
3 8 12 14 16 21 25 27 30 33 35 38 41 42 46 49 50 52 55 57 59 63 67 69 72 74 77 79 83 87 89 91 93 95 97 107
6 9 12 14 16 21 25 27 30 32 35 37 39 44 47 48 50 52 56 57 62 65 67 69 72 74 77 80 85 87 89 91 93 95 97 111
5 8 11 13 17 20 24 26 30 32 35 38 39 44 47 48 50 53 55 57 59 63 67 69 72 74 77 79 83 87 89 91 93 95 97 105
4 9 12 14 16 19 23 26 30 34 35 38 41 42 46 48 50 54 55 57 59 63 67 69 72 74 77 79 83 88 90 91 93 95 97 106
3 9 12 14 16 20 25 27 29 34 35 38 41 42 46 48 50 52 55 57 59 63 67 69 72 74 77 79 83 87 89 91 93 95 97 107
4 9 12 14 17 18 22 27 30 34 36 38 41 42 46 48 50 52 55 58 61 64 67 70 72 74 77 80 84 87 89 91 93 95 97 114
6 8 12 14 17 21 25 27 30 32 35 38 41 42 45 49 50 52 55 57 59 63 67 69 72 74 77 79 83 87 89 91 93 95 97 108
4 8 10 14 16 21 24 27 29 32 35 38 39 44 47 48 50 52 56 57 59 63 67 69 72 75 77 79 83 87 89 91 93 95 97 104
7 8 10 14 17 20 23 27 30 33 36 38 41 42 46 48 50 52 56 58 59 66 67 69 72 75 77 79 86 87 89 91 93 95 97 104
7 8 11 13 17 18 22 26 30 34 35 38 39 44 47 48 50 53 55 57 59 63 67 69 72 74 77 79 83 87 89 91 93 95 97 105
3 8 12 14 17 19 23 27 30 34 35 38 41 42 46 48 51 54 55 57 59 63 67 69 72 74 77 79 83 88 90 91 93 95 97 106
7 8 12 14 16 19 23 27 30 33 35 37 39 44 47 48 50 52 56 57 62 65 68 69 72 74 77 80 85 88 90 91 94 96 97 111
3 9 12 14 17 19 23 28 29 34 36 38 39 44 47 48 50 52 56 57 60 65 67 70 72 74 77 82 86 87 89 91 93 95 97 103
