1 7 11 16 21 30 35 36 45 50 54 58 65 66
5 10 11 18 22 26 31 40 41 50 51 56 65 68
1 6 12 18 21 30 32 40 41 46 53 59 61 67
5 7 11 16 24 30 35 36 45 49 54 60 65 66
1 7 11 16 23 26 32 37 41 46 55 57 61 67
1 10 11 18 21 28 31 40 41 50 51 56 61 68
5 7 13 16 22 30 35 36 45 49 55 60 65 66
1 6 11 16 25 27 32 37 45 46 54 57 65 67
5 7 11 16 24 30 35 36 45 50 54 59 65 66
1 6 11 16 21 30 35 36 45 46 54 57 64 67
5 7 13 16 24 30 32 36 42 47 54 60 65 66
5 7 14 19 24 30 32 40 45 50 51 56 64 68
1 6 11 18 21 27 32 36 42 46 53 60 61 67
5 7 15 17 24 30 35 37 43 46 55 60 65 66
4 6 11 16 24 30 32 40 41 46 54 56 65 67
3 8 11 17 24 26 31 40 42 50 51 56 65 68
1 8 11 18 21 30 32 36 41 46 52 57 61 67
1 7 12 16 22 30 32 36 42 46 54 60 65 66
1 8 11 19 24 26 31 36 41 49 51 56 61 68
1 8 11 16 21 30 35 40 45 46 55 58 61 67
5 7 14 17 25 30 34 40 42 48 55 59 65 66
1 8 11 16 21 27 32 37 44 46 53 59 62 67
1 6 11 17 24 26 31 40 42 50 51 56 64 68
3 10 11 16 24 30 33 36 43 46 51 59 64 66
1 7 11 18 21 30 33 37 42 46 52 59 61 67
5 10 11 16 21 30 33 36 42 46 52 59 65 66
3 10 11 18 21 26 31 40 42 50 51 56 65 68
1 6 11 16 24 27 32 40 41 49 53 56 61 67
5 7 11 16 24 30 35 36 45 49 55 59 65 66
1 8 12 18 24 26 32 36 42 50 51 56 61 68
5 7 13 19 21 30 35 36 44 46 55 59 61 67
1 7 11 19 21 27 32 38 45 46 52 57 61 67
1 9 13 16 24 29 32 36 45 46 54 60 65 66
5 10 11 17 21 26 31 38 41 47 51 56 61 68
1 6 12 19 21 27 32 38 42 46 55 57 64 67
5 7 11 16 24 30 33 39 45 46 55 58 65 66
5 8 14 19 23 26 31 40 41 46 52 56 61 68
1 8 11 16 21 26 32 40 41 46 51 57 61 67
5 7 13 16 24 30 35 36 43 49 52 60 65 66
1 6 13 16 24 30 33 37 45 46 55 57 64 67
1 6 11 16 21 27 31 40 42 49 51 56 64 68
5 7 11 16 24 30 35 36 45 49 54 57 65 66
1 10 11 18 21 30 35 36 45 46 51 60 61 67
5 7 14 17 24 30 35 36 45 49 54 57 65 66
5 8 11 17 21 26 31 40 41 49 51 56 62 68
1 10 11 18 21 30 33 36 45 46 51 59 61 67
2 7 15 20 24 27 32 36 42 50 51 56 61 68
1 7 11 18 21 26 32 40 43 46 54 57 61 67
1 6 11 16 21 28 32 38 45 46 52 59 61 67
5 7 13 16 24 30 34 38 43 49 54 58 65 66
5 8 13 19 24 26 32 36 42 50 51 56 61 68
1 6 11 16 21 27 31 36 41 46 54 56 61 67
5 7 12 16 24 30 35 36 44 50 55 58 65 66
1 7 11 18 21 30 35 38 43 46 51 58 61 67
2 10 11 18 24 26 32 37 41 50 51 56 61 68
5 10 11 16 24 30 33 36 42 47 52 60 65 66
1 10 13 19 23 26 31 40 41 47 51 56 61 68
5 7 14 16 24 30 35 36 42 50 55 58 65 66
1 8 12 18 24 30 32 37 42 46 51 60 61 67
1 8 13 19 24 28 31 40 41 47 52 57 63 68
1 8 11 18 21 26 32 40 42 46 52 60 61 67
5 7 11 16 24 30 35 37 45 49 53 60 65 66
5 6 11 16 22 27 32 36 41 46 55 57 64 67
1 10 12 18 21 26 31 40 41 46 51 56 65 68
5 7 11 16 23 30 32 36 45 46 54 60 65 66
1 7 11 16 21 26 32 37 43 46 54 59 61 67
1 8 11 17 21 26 31 40 41 50 51 56 61 68
5 7 11 16 24 30 35 37 45 49 54 58 65 66
1 7 11 18 21 26 32 40 42 46 53 56 61 67
4 8 11 18 21 27 31 40 42 50 51 56 64 68
1 7 12 16 24 30 32 36 42 46 54 57 65 66
1 6 11 16 25 27 32 36 45 46 55 59 65 67
3 8 11 16 24 26 31 40 44 50 51 56 64 68
5 8 13 16 24 30 35 36 43 47 53 60 65 66
1 6 13 16 22 27 32 36 45 46 51 59 61 67
5 7 11 16 23 30 32 36 45 47 54 60 65 66
5 8 14 19 24 26 31 38 42 50 51 56 65 68
1 7 11 16 21 27 32 36 43 46 54 59 65 67
2 6 11 16 24 29 33 36 42 46 55 57 65 66
1 8 11 16 21 30 32 36 45 46 54 60 61 67
1 8 11 17 21 26 31 38 41 50 51 56 64 68
5 7 11 16 24 30 35 36 42 49 53 59 65 66
1 7 11 16 24 30 32 36 42 46 54 58 61 67
5 8 12 17 21 26 31 40 41 50 51 56 64 68
1 7 11 18 21 26 32 40 43 46 52 57 61 67
5 7 11 16 24 30 35 36 45 49 53 60 65 66
1 6 12 16 24 27 32 40 41 46 55 57 61 67
5 10 11 17 21 27 31 40 41 46 52 56 61 68
3 7 13 16 24 30 35 36 43 49 54 58 65 66
1 7 11 16 25 30 32 36 45 46 54 57 65 67
1 8 11 17 24 26 32 36 41 48 51 56 61 68
1 7 11 18 21 30 32 40 45 46 55 58 61 67
3 8 15 18 24 30 33 38 44 46 54 58 65 66
5 10 11 18 21 26 31 40 41 49 51 56 61 68
1 6 11 16 21 27 32 36 42 46 55 57 61 67
5 6 11 16 22 27 32 36 42 47 54 58 65 66
1 6 11 16 24 27 32 36 42 46 55 59 61 67
1 10 12 18 21 26 31 40 41 50 51 56 64 68
1 7 11 18 24 26 31 37 42 46 52 56 65 67
5 7 11 16 24 30 35 36 45 49 54 58 65 66
1 8 13 18 24 26 31 40 41 49 52 57 62 68
2 6 11 16 21 30 35 36 45 47 54 59 61 67
5 7 11 16 23 30 35 36 45 47 54 58 65 66
1 6 14 17 22 30 35 36 45 46 53 59 64 67
5 10 12 19 24 26 31 40 42 50 51 56 65 68
1 8 11 17 23 30 34 36 44 46 51 60 64 67
5 7 11 16 24 30 35 36 44 50 54 59 65 66
5 8 12 17 24 27 31 40 41 49 53 56 64 68
1 7 15 20 24 30 35 40 44 49 53 60 61 67
3 7 15 16 24 30 33 37 42 46 54 57 65 66
4 8 11 17 21 26 31 37 41 49 51 57 65 68
1 10 11 19 24 30 33 40 45 46 55 59 61 67
5 7 12 18 24 30 34 36 45 49 53 59 65 66
1 6 11 16 21 30 32 36 42 46 55 59 61 67
5 10 15 19 23 27 31 40 42 50 51 56 61 68
1 7 15 18 25 26 31 36 42 46 53 57 64 67
5 7 11 18 24 30 35 36 44 47 54 60 65 66
1 10 11 18 21 26 32 40 42 46 51 56 61 67
3 8 11 18 24 26 31 40 42 46 51 56 65 68
1 7 11 16 23 27 32 36 42 46 55 58 65 67
5 10 15 19 24 27 31 36 41 50 51 56 64 68
5 7 11 16 24 30 35 36 45 49 52 60 65 66
1 6 11 18 24 30 32 36 43 46 54 59 65 67
1 7 11 16 24 30 35 36 45 47 52 60 65 66
1 8 11 16 22 26 31 40 41 50 51 56 65 68
1 8 15 17 24 26 32 40 41 46 55 57 63 67
5 7 11 16 21 30 34 36 43 49 54 58 65 66
1 6 11 16 24 26 32 36 41 46 51 56 64 68
1 7 11 17 21 30 32 37 42 46 53 57 61 67
1 6 12 18 21 30 32 39 42 46 54 57 61 67
5 7 11 16 24 30 35 36 45 49 54 60 65 66
1 6 11 16 21 30 35 36 44 46 55 58 61 67
1 8 13 20 23 27 31 40 41 50 51 56 65 68
5 7 13 17 24 30 35 38 43 49 54 57 65 66
1 7 11 16 21 26 32 40 43 46 54 57 61 67
5 6 12 16 24 30 35 36 45 49 52 58 65 66
1 6 11 16 21 26 32 36 42 46 54 57 62 67
5 7 13 18 21 30 31 40 45 50 51 56 64 68
1 6 11 17 21 27 32 36 41 46 54 60 61 67
1 9 11 17 24 30 33 36 45 46 51 58 62 67
1 8 11 16 23 26 31 38 41 49 51 56 61 68
5 8 11 16 24 30 35 36 45 47 54 60 65 66
1 7 11 18 24 27 32 37 42 46 54 58 61 67
5 8 13 19 24 26 31 40 42 50 51 56 65 68
3 8 13 16 24 30 35 36 45 49 54 59 65 66
1 6 11 19 21 27 32 39 42 46 54 59 64 67
5 7 11 16 21 30 35 40 45 48 55 57 65 66
1 7 13 20 25 30 35 36 45 46 55 60 65 67
5 7 12 16 24 30 35 36 45 50 52 60 65 66
1 7 15 20 21 27 32 40 43 46 53 57 61 67
1 7 15 19 24 30 33 40 45 46 54 59 65 66
1 8 11 18 24 26 31 36 41 47 51 56 63 68
1 7 13 20 21 27 32 38 42 46 55 59 62 67
5 7 13 16 24 28 32 36 42 46 54 58 65 66
1 7 12 18 21 27 32 40 42 46 54 57 64 67
5 10 11 17 21 26 31 40 42 50 51 56 61 68
5 10 12 16 24 30 35 36 45 47 52 60 65 66
1 8 11 16 24 26 32 40 41 46 53 57 61 67
1 10 14 20 24 27 32 40 43 46 53 59 61 67
1 7 11 19 21 26 32 40 42 46 55 57 61 67
