1 7 11 16 21 30 35 36 45 50 54 58 65 66
1 7 11 16 23 26 32 37 41 46 55 57 61 67
1 10 11 18 21 28 31 40 41 50 51 56 61 68
3 10 11 18 21 26 31 40 42 50 51 56 65 68
5 7 11 16 24 30 35 36 45 49 55 59 65 66
5 7 13 16 24 30 35 36 43 49 52 60 65 66
5 7 11 16 24 30 35 36 45 49 54 57 65 66
1 8 11 17 21 26 31 40 41 50 51 56 61 68
5 8 14 19 24 26 31 38 42 50 51 56 65 68
2 6 11 16 24 29 33 36 42 46 55 57 65 66
1 7 11 18 24 26 31 37 42 46 52 56 65 67
5 10 12 19 24 26 31 40 42 50 51 56 65 68
5 8 12 17 24 27 31 40 41 49 53 56 64 68
3 8 11 18 24 26 31 40 42 46 51 56 65 68
5 7 11 16 24 30 35 36 45 49 54 60 65 66
1 8 13 20 23 27 31 40 41 50 51 56 65 68
5 7 13 18 21 30 31 40 45 50 51 56 64 68
3 8 13 16 24 30 35 36 45 49 54 59 65 66
