3 10 11 16 24 30 33 36 43 46 51 59 64 66
1 9 13 16 24 29 32 36 45 46 54 60 65 66
5 8 13 19 24 26 32 36 42 50 51 56 61 68
1 8 11 18 21 26 32 40 42 46 52 60 61 67
5 7 11 16 24 30 35 37 45 49 54 58 65 66
4 8 11 18 21 27 31 40 42 50 51 56 64 68
1 6 11 16 25 27 32 36 45 46 55 59 65 67
1 8 11 16 21 30 32 36 45 46 54 60 61 67
3 7 13 16 24 30 35 36 43 49 54 58 65 66
1 7 11 16 25 30 32 36 45 46 54 57 65 67
1 7 11 18 21 30 32 40 45 46 55 58 61 67
3 7 15 16 24 30 33 37 42 46 54 57 65 66
1 7 11 16 23 27 32 36 42 46 55 58 65 67
1 7 11 16 24 30 35 36 45 47 52 60 65 66
1 6 11 16 24 26 32 36 41 46 51 56 64 68
1 8 11 16 23 26 31 38 41 49 51 56 61 68
5 10 12 16 24 30 35 36 45 47 52 60 65 66
1 10 14 20 24 27 32 40 43 46 53 59 61 67
