1 6 11 16 21 30 35 36 45 46 54 57 64 67
1 6 11 17 24 26 31 40 42 50 51 56 64 68
5 7 11 16 23 30 32 36 45 46 54 60 65 66
1 7 12 16 24 30 32 36 42 46 54 57 65 66
1 7 11 16 24 30 32 36 42 46 54 58 61 67
1 8 11 17 24 26 32 36 41 48 51 56 61 68
5 10 11 18 21 26 31 40 41 49 51 56 61 68
1 10 12 18 21 26 31 40 41 50 51 56 64 68
1 8 13 18 24 26 31 40 41 49 52 57 62 68
1 6 14 17 22 30 35 36 45 46 53 59 64 67
5 7 11 16 24 30 35 36 44 50 54 59 65 66
5 7 12 18 24 30 34 36 45 49 53 59 65 66
1 6 11 16 21 30 32 36 42 46 55 59 61 67
1 10 11 18 21 26 32 40 42 46 51 56 61 67
1 8 15 17 24 26 32 40 41 46 55 57 63 67
1 7 13 20 25 30 35 36 45 46 55 60 65 67
5 7 13 16 24 28 32 36 42 46 54 58 65 66
