5 10 11 18 22 26 31 40 41 50 51 56 65 68
1 6 11 18 21 27 32 36 42 46 53 60 61 67
5 7 15 17 24 30 35 37 43 46 55 60 65 66
1 7 12 16 22 30 32 36 42 46 54 60 65 66
1 8 11 16 21 30 35 40 45 46 55 58 61 67
5 7 14 17 25 30 34 40 42 48 55 59 65 66
1 7 11 18 21 30 33 37 42 46 52 59 61 67
1 8 12 18 24 26 32 36 42 50 51 56 61 68
5 7 13 19 21 30 35 36 44 46 55 59 61 67
5 7 11 16 24 30 33 39 45 46 55 58 65 66
2 10 11 18 24 26 32 37 41 50 51 56 61 68
1 10 13 19 23 26 31 40 41 47 51 56 61 68
1 7 11 18 21 26 32 40 43 46 52 57 61 67
5 7 11 16 24 30 35 36 45 49 52 60 65 66
5 6 12 16 24 30 35 36 45 49 52 58 65 66
1 6 11 17 21 27 32 36 41 46 54 60 61 67
1 8 11 16 24 26 32 40 41 46 53 57 61 67
1 7 11 19 21 26 32 40 42 46 55 57 61 67
