5 7 13 16 22 30 35 36 45 49 55 60 65 66
5 7 14 19 24 30 32 40 45 50 51 56 64 68
1 8 11 18 21 30 32 36 41 46 52 57 61 67
1 8 11 16 21 27 32 37 44 46 53 59 62 67
5 8 11 17 21 26 31 40 41 49 51 56 62 68
2 7 15 20 24 27 32 36 42 50 51 56 61 68
1 6 11 16 21 27 31 36 41 46 54 56 61 67
5 10 11 16 24 30 33 36 42 47 52 60 65 66
5 6 11 16 22 27 32 36 41 46 55 57 64 67
1 10 12 18 21 26 31 40 41 46 51 56 65 68
5 8 13 16 24 30 35 36 43 47 53 60 65 66
1 7 11 16 21 27 32 36 43 46 54 59 65 67
5 7 11 16 24 30 35 36 45 49 54 58 65 66
1 6 11 18 24 30 32 36 43 46 54 59 65 67
1 7 11 18 24 27 32 37 42 46 54 58 61 67
1 8 11 18 24 26 31 36 41 47 51 56 63 68
1 7 12 18 21 27 32 40 42 46 54 57 64 67
