1 6 12 18 21 30 32 40 41 46 53 59 61 67
5 7 13 16 24 30 32 36 42 47 54 60 65 66
1 6 11 16 24 27 32 40 41 49 53 56 61 67
5 10 11 17 21 26 31 38 41 47 51 56 61 68
1 6 12 19 21 27 32 38 42 46 55 57 64 67
1 6 13 16 24 30 33 37 45 46 55 57 64 67
1 6 11 16 21 28 32 38 45 46 52 59 61 67
5 7 11 16 24 30 35 37 45 49 53 60 65 66
1 7 11 16 21 26 32 37 43 46 54 59 61 67
1 7 11 18 21 26 32 40 42 46 53 56 61 67
5 7 11 16 23 30 32 36 45 47 54 60 65 66
5 8 12 17 21 26 31 40 41 50 51 56 64 68
5 6 11 16 22 27 32 36 42 47 54 58 65 66
4 8 11 17 21 26 31 37 41 49 51 57 65 68
1 7 15 18 25 26 31 36 42 46 53 57 64 67
1 7 11 17 21 30 32 37 42 46 53 57 61 67
5 8 11 16 24 30 35 36 45 47 54 60 65 66
1 7 13 20 21 27 32 38 42 46 55 59 62 67
