5 7 11 16 24 30 35 36 45 49 54 60 65 66
1 6 11 16 25 27 32 37 45 46 54 57 65 67
4 6 11 16 24 30 32 40 41 46 54 56 65 67
1 8 11 16 21 26 32 40 41 46 51 57 61 67
1 10 11 18 21 30 35 36 45 46 51 60 61 67
5 7 12 16 24 30 35 36 44 50 55 58 65 66
1 7 11 18 21 30 35 38 43 46 51 58 61 67
5 7 14 16 24 30 35 36 42 50 55 58 65 66
1 8 12 18 24 30 32 37 42 46 51 60 61 67
1 8 13 19 24 28 31 40 41 47 52 57 63 68
3 8 11 16 24 26 31 40 44 50 51 56 64 68
1 6 13 16 22 27 32 36 45 46 51 59 61 67
3 8 15 18 24 30 33 38 44 46 54 58 65 66
2 6 11 16 21 30 35 36 45 47 54 59 61 67
1 10 11 19 24 30 33 40 45 46 55 59 61 67
5 7 11 18 24 30 35 36 44 47 54 60 65 66
5 8 13 19 24 26 31 40 42 50 51 56 65 68
1 7 15 20 21 27 32 40 43 46 53 57 61 67
