5 7 11 16 24 30 35 36 45 50 54 59 65 66
3 8 11 17 24 26 31 40 42 50 51 56 65 68
1 8 11 19 24 26 31 36 41 49 51 56 61 68
5 10 11 16 21 30 33 36 42 46 52 59 65 66
1 6 11 16 21 27 31 40 42 49 51 56 64 68
1 10 11 18 21 30 33 36 45 46 51 59 61 67
1 7 11 18 21 26 32 40 43 46 54 57 61 67
5 7 13 16 24 30 34 38 43 49 54 58 65 66
1 8 11 17 21 26 31 38 41 50 51 56 64 68
1 6 11 16 21 27 32 36 42 46 55 57 61 67
1 6 11 16 24 27 32 36 42 46 55 59 61 67
5 10 15 19 23 27 31 40 42 50 51 56 61 68
5 10 15 19 24 27 31 36 41 50 51 56 64 68
1 8 11 16 22 26 31 40 41 50 51 56 65 68
1 6 12 18 21 30 32 39 42 46 54 57 61 67
1 6 11 16 21 30 35 36 44 46 55 58 61 67
1 6 11 19 21 27 32 39 42 46 54 59 64 67
5 7 12 16 24 30 35 36 45 50 52 60 65 66
