5 7 11 19 21 27 32 36 41 46 53 57 61 67
1 10 11 16 24 26 31 36 41 50 51 56 65 68
5 7 13 17 23 30 33 36 43 46 54 60 65 66
1 7 11 18 21 27 32 36 42 46 54 60 64 67
3 7 11 16 24 30 34 36 42 46 54 60 65 66
1 10 11 18 21 27 32 39 42 46 51 57 62 67
4 7 11 16 22 29 32 36 42 46 54 57 65 66
5 7 11 16 24 30 35 36 45 50 55 59 65 66
5 6 14 18 24 30 35 36 45 49 55 57 65 66
1 6 11 16 24 27 31 40 41 46 55 56 64 67
5 7 13 16 21 30 35 37 42 46 53 59 65 66
1 8 14 18 23 26 31 40 41 46 51 57 63 68
3 10 11 17 24 26 31 40 42 50 51 56 65 68
5 7 11 16 24 30 35 36 43 46 54 60 65 66
5 6 11 16 24 30 35 36 44 50 54 60 65 66
1 6 11 16 21 30 32 36 43 46 55 57 61 67
5 8 11 18 21 26 31 39 41 50 51 56 63 68
1 8 11 16 24 26 31 38 41 47 51 56 64 68
