1 7 11 19 21 27 32 38 45 46 52 57 61 67
5 8 14 19 23 26 31 40 41 46 52 56 61 68
5 7 14 17 24 30 35 36 45 49 54 57 65 66
5 7 11 16 24 30 35 36 42 49 53 59 65 66
5 7 11 16 24 30 35 36 45 49 53 60 65 66
1 6 12 16 24 27 32 40 41 46 55 57 61 67
5 10 11 17 21 27 31 40 41 46 52 56 61 68
5 7 11 16 23 30 35 36 45 47 54 58 65 66
1 8 11 17 23 30 34 36 44 46 51 60 64 67
1 7 15 20 24 30 35 40 44 49 53 60 61 67
5 7 11 16 21 30 34 36 43 49 54 58 65 66
5 7 13 17 24 30 35 38 43 49 54 57 65 66
1 7 11 16 21 26 32 40 43 46 54 57 61 67
1 6 11 16 21 26 32 36 42 46 54 57 62 67
1 9 11 17 24 30 33 36 45 46 51 58 62 67
5 7 11 16 21 30 35 40 45 48 55 57 65 66
1 7 15 19 24 30 33 40 45 46 54 59 65 66
5 10 11 17 21 26 31 40 42 50 51 56 61 68
