1 4 6 7 10 11 13 15 18 20 21 23 26 31 32 34 37
1 3 6 7 9 12 14 16 18 20 22 23 27 30 32 34 40
2 3 5 8 9 11 14 16 18 20 21 23 27 30 32 35 36
1 3 6 7 9 12 14 15 17 19 21 23 28 30 32 35 42
2 3 5 8 9 11 13 16 18 20 21 23 27 31 32 35 36
2 3 5 8 9 11 13 16 18 20 21 23 27 31 33 35 36
1 3 6 7 9 12 13 16 18 19 21 24 25 31 32 34 39
1 3 6 7 9 12 13 16 18 20 21 23 27 30 32 34 40
1 4 6 7 10 11 13 15 18 20 21 23 26 31 33 34 37
1 3 6 7 9 12 14 16 18 19 21 24 25 31 32 35 39
1 3 6 7 9 12 14 15 17 19 21 23 29 30 32 34 42
